5.006992816925049,6.999205112457275,0.29276938521474416,-0.0004928179597190052,1.0,-0.3492704927921295
5.041876316070557,6.995086193084717,0.5850609087392167,-0.003239069675808892,1.0,-0.3392437994480133
5.10581636428833,6.989650726318359,0.8757072457433408,-0.00658892685296486,1.0,0.014127427712082863
5.199262619018555,6.988339900970459,1.1706830926739429,-0.0070734890133046235,1.0,0.038101568818092346
5.322240352630615,6.988978862762451,1.4662480393472366,-0.006210358504009861,1.0,0.03856482356786728
5.474775791168213,6.990114212036133,1.7619651115128663,-0.00491007010177924,1.0,0.023937756195664406
5.656884670257568,6.991026401519775,2.0576839330875356,-0.0037103160306983796,1.0,0.019066909328103065
5.868566036224365,6.991677284240723,2.3533973377859367,-0.0027112311477548445,1.0,0.008447209373116493
6.1098198890686035,6.992007732391357,2.6491073112590606,-0.0020000339786498955,1.0,0.009304018691182137
6.38064432144165,6.992446422576904,2.944813198342823,-0.0012926983931240699,1.0,0.00917770154774189
6.681039333343506,6.993153095245361,3.240515488949015,-0.0005368932757594536,1.0,0.00908641703426838
7.0110039710998535,6.993987083435059,3.5362258024218236,0.00016751283256599692,1.0,0.004073010757565498
7.370539665222168,6.994745254516602,3.831933785636729,0.0006701844883183483,1.0,0.004396090283989906
7.759632110595703,6.996509552001953,4.12735570972122,0.0016231966844033607,1.0,0.02170681394636631
8.178260803222656,7.000484466552734,4.422986923146342,0.0037207023589491683,1.0,0.021517524495720863
8.626340866088867,7.002362251281738,4.715468837075767,0.0041176465194254774,1.0,-0.04768424481153488
9.103793144226074,6.998481750488281,5.011257596106579,0.0005849633334360504,1.0,-0.01887771300971508
9.610788345336914,6.996301651000977,5.306005379350674,-0.0010699249679397838,1.0,0.01826200820505619
10.146777153015137,7.000504970550537,5.581648237302037,0.001583781900269976,0.9390680193901062,0.04908250272274017
10.710256576538086,7.008138179779053,5.852272406839004,0.005747634264609225,0.9183017611503601,-0.007140440866351128
11.300585746765137,7.005259037017822,6.117567195344931,0.002410427102630841,0.9376195669174194,-0.09784648567438126
11.917160987854004,6.986518859863281,6.375723507763407,-0.009805892291726792,0.8751851916313171,-0.07631088048219681
12.558918952941895,6.966429233551025,6.609985566365311,-0.01896543538689066,0.8060939311981201,0.018731260672211647
13.224002838134766,6.955327987670898,6.823862820061674,-0.018958111693892832,0.724986732006073,0.019317971542477608
13.910052299499512,6.952101230621338,7.01559981183339,-0.013786119698904642,0.6665549874305725,0.07118453085422516
14.613743782043457,6.969691276550293,7.160832300583649,0.0022290658323962376,0.583667516708374,0.1690303087234497
15.331867218017578,7.011635780334473,7.322157965939731,0.02755945622457645,0.5353100299835205,0.09615518897771835
16.065523147583008,7.05295991897583,7.4672899997596405,0.04264093747769415,0.5294304490089417,-0.03353835642337799
16.808244705200195,7.071819305419922,7.341857044070139,0.03749930551913305,0.5176557302474976,-0.6730813980102539
17.53626823425293,7.049151420593262,7.084521565539233,0.009562745684202234,0.33313485980033875,-0.9993467330932617
18.24489402770996,7.002586364746094,7.134786418567841,-0.02356404879918461,0.2929801046848297,0.038515761494636536
18.95785903930664,6.988154888153076,7.147928042185641,-0.025588317543753902,0.38199368119239807,0.2417430281639099
19.672494888305664,7.019598007202148,7.19842883189099,0.0015319834170677282,0.3536199927330017,0.26089441776275635
20.38849449157715,7.078305721282959,7.1624397467661876,0.03685402158700679,0.42438337206840515,-0.30618739128112793
21.098407745361328,7.107379913330078,6.9143740618993155,0.042563173173864044,0.5071717500686646,-1.0
21.784652709960938,7.099693298339844,6.667927172955125,0.023937024509850247,0.5000444054603577,-1.0
22.445199966430664,7.047849655151367,6.467576726839237,-0.0150930660038604,0.43158024549484253,-0.9222270846366882
23.088346481323242,6.953690052032471,6.572396796152711,-0.06738396769145716,0.3751819431781769,-0.2913700342178345
23.73253631591797,6.8438029289245605,6.441494305177364,-0.1121933840867495,-0.0017211977392435074,0.33648180961608887
24.367538452148438,6.764487266540527,6.250300130963082,-0.1230136744376864,-0.027601836249232292,0.41519778966903687
24.987329483032227,6.730574607849121,6.0505957691982655,-0.10184700325179108,-0.04163529723882675,0.4059786796569824
25.588092803955078,6.7471137046813965,5.864005889958099,-0.05620881112526721,-0.05974985659122467,0.34344223141670227
26.173974990844727,6.791374206542969,5.8781468067869405,-0.006770820755416906,0.005524154752492905,0.23893994092941284
26.75971031188965,6.836055755615234,5.8802137342292635,0.027795545455211013,0.5480359196662903,-0.2685224115848541
27.34238624572754,6.848265647888184,5.66915712710226,0.031202660595804232,0.5008077621459961,-0.9256409406661987
27.905166625976562,6.823530673980713,5.497416546818739,0.009790579115458442,0.4659143388271332,-0.838879406452179
28.44921875,6.753758907318115,5.439454487267038,-0.03437701545712457,0.4024368226528168,-0.6057643890380859
28.980871200561523,6.65404748916626,5.324175123143694,-0.08649467851581161,0.0534602627158165,0.26541265845298767
29.506328582763672,6.586693286895752,5.2056937838716095,-0.10523787310973454,-0.019456176087260246,0.20828662812709808
30.023569107055664,6.564030170440674,5.089582283534509,-0.0908821032536622,0.000466691330075264,0.4158497452735901
30.53125,6.587978363037109,5.059551903335724,-0.05090579160464692,0.014350645244121552,0.37184983491897583
31.03538703918457,6.638892650604248,5.0871076199872185,-0.002933605098776937,0.09368403255939484,0.3272506594657898
31.542667388916016,6.6981425285339355,5.176063650379435,0.03810876993459811,0.2619202136993408,0.1507434844970703
32.05476379394531,6.744114875793457,5.058906858543701,0.0594249776157012,0.2744247615337372,-0.47973254323005676
32.55651092529297,6.752681255340576,4.883653990484852,0.05158076978292758,0.30092519521713257,-0.7321192622184753
33.04188919067383,6.716480255126953,4.814680807736582,0.017149558997619607,0.1541023850440979,-0.496209055185318
33.516258239746094,6.653048992156982,4.711083971645105,-0.027634690525371042,0.24098992347717285,0.32352378964424133
33.98558044433594,6.624547481536865,4.678902784130779,-0.04146075764062651,0.35827013850212097,0.3216732442378998
34.453338623046875,6.6406474113464355,4.7164283205586015,-0.024143419494331297,0.3647492825984955,0.338055819272995
34.9256591796875,6.688333034515381,4.85612574279644,0.010311892898840824,0.4709063470363617,0.2538231909275055
35.412010192871094,6.739477634429932,5.02437386247492,0.04020347928999968,0.5536279082298279,0.10475616902112961
35.91243362426758,6.77564811706543,5.0415460553505795,0.05344990939399885,0.5658650994300842,-0.313757061958313
36.4146614074707,6.77230167388916,4.984150380999979,0.03884806345320424,0.5407644510269165,-0.5792399048805237
36.91214370727539,6.72217321395874,5.075239068222767,-0.0014138722227228229,0.5811794996261597,-0.44652092456817627
37.41459274291992,6.646702766418457,5.144494044825113,-0.048688177364937246,0.5985363721847534,0.07995998114347458
37.93100357055664,6.599937438964844,5.340574768516079,-0.06605385188501778,0.6956228613853455,0.02654133178293705
38.468536376953125,6.5744733810424805,5.556737010707991,-0.06376965861805672,0.7947282791137695,0.13043154776096344
39.027523040771484,6.574400424957275,5.748547121724119,-0.04461953300956889,0.753412663936615,0.22811764478683472
39.60658645629883,6.596696853637695,5.97505251703891,-0.015219566155639797,0.7573950290679932,0.16031008958816528
40.2076530456543,6.62808895111084,6.1936479274938625,0.011492072735910241,0.7319386601448059,0.13535356521606445
40.829315185546875,6.671583652496338,6.389277523829631,0.036263731931390986,0.670074999332428,0.1443261206150055
41.46765899658203,6.718907833099365,6.495985194892507,0.05424326508273403,0.5757720470428467,-0.1204381063580513
42.11884307861328,6.744577884674072,6.6077171613501715,0.0509610521972661,0.37934744358062744,-0.01294250600039959
42.77951431274414,6.782086372375488,6.682292333896156,0.05381955615330192,0.34023717045783997,0.12368080765008926
43.44478225708008,6.853447914123535,6.753238172223447,0.07522977342088488,0.37741798162460327,0.22201412916183472
44.11642074584961,6.952950477600098,6.919453324306847,0.10576997269553257,0.5431544780731201,0.0985204204916954
44.80321502685547,7.047444820404053,7.02568968146853,0.12150073262241268,0.5493740439414978,-0.11400175839662552
45.50203323364258,7.107171058654785,7.010307618967075,0.10923381316734382,0.48935478925704956,-0.39654022455215454
46.20280075073242,7.118845462799072,7.020347876334921,0.07185754569057234,0.47754615545272827,-0.411727637052536
46.906227111816406,7.077558994293213,7.1430588715009975,0.015683089343367485,0.506467878818512,-0.3254787027835846
47.62123107910156,7.005178928375244,7.345589238240286,-0.039112781665558316,0.6321731209754944,-0.15497541427612305
48.35483932495117,6.934169769287109,7.506983427597067,-0.07050465985681242,0.6703053712844849,0.039841897785663605
49.10600280761719,6.889857292175293,7.634514393039513,-0.07067696637933985,0.7620897889137268,0.20699289441108704
49.87269592285156,6.887914180755615,7.823846784247622,-0.04256690159939058,0.8544746041297913,0.2515944242477417
50.66080093383789,6.922115802764893,8.126833867321235,-0.001411342219687306,1.0,0.13928022980690002
51.46792221069336,6.962018013000488,7.982191013723927,0.027021231368270726,1.0,-1.0
52.26179885864258,6.978302955627441,7.780751891248093,0.028831515119252416,0.7909926176071167,-1.0
53.03551483154297,6.957912445068359,7.584183296545053,0.006612362670558092,0.8044912815093994,-1.0
53.78770065307617,6.89254093170166,7.425627949905129,-0.034594728876237824,0.8683986663818359,-1.0
54.51905059814453,6.778374671936035,7.314609182776927,-0.08937155828336962,1.0,-1.0
55.22938537597656,6.613067150115967,7.217704514611865,-0.1536354995997442,1.0,-1.0
55.91533279418945,6.394947052001953,7.129744030938205,-0.2248099444707119,1.0,-1.0
56.57261657714844,6.123522758483887,7.048811656656908,-0.30138661161290514,1.0,-1.0
57.19662094116211,5.799440383911133,6.974370713597213,-0.3823738729944326,1.0,-1.0
57.782493591308594,5.424444198608398,6.897392940702269,-0.46697584292352445,0.9477865695953369,-1.0
58.32526779174805,5.001246929168701,6.835115359896965,-0.5545674774923395,1.0,-1.0
58.82111740112305,4.532879829406738,6.777370316719149,-0.6446523634736874,0.991750955581665,-1.0
59.26601028442383,4.023331165313721,6.725748345781709,-0.7367920113940851,1.0,-1.0
59.6562385559082,3.477041006088257,6.678148319366004,-0.8306825545731549,1.0,-1.0
59.988182067871094,2.8993093967437744,6.619134420400874,-0.9260908332574624,0.9134565591812134,-1.0
60.25764465332031,2.2975263595581055,6.514422264623883,-1.0228450735566952,0.634465217590332,-1.0
60.45587921142578,1.6938319206237793,5.84427953294913,-1.1203537873927472,-0.3369561433792114,-1.0
60.59940719604492,1.122317910194397,5.972937486354014,-1.2061507177029576,0.7704064846038818,-0.03073943965137005
60.771087646484375,0.5507991313934326,5.996408549909268,-1.244686392360295,0.6436212658882141,0.27204060554504395
60.975364685058594,-0.01261996477842331,6.004991336168576,-1.245408907964034,0.45952722430229187,0.3293110728263855
61.2164421081543,-0.561007559299469,5.962028224323187,-1.2177040431439394,0.3147989511489868,0.4613954424858093
61.500125885009766,-1.0857688188552856,5.994310948279568,-1.1669223548460907,0.3575819134712219,0.427731990814209
61.82976150512695,-1.5875434875488281,6.060045612540251,-1.100355844451233,0.425185889005661,0.4698209762573242
62.2002067565918,-2.070918083190918,6.191625484861784,-1.0284393097425157,0.4185338616371155,0.37775495648384094
62.588539123535156,-2.547934055328369,6.048835647478958,-0.9692532176765951,0.755958616733551,-0.7695094347000122
62.95207595825195,-3.0256998538970947,5.8351240272149925,-0.9432951202154829,0.7863292098045349,-1.0
63.27874755859375,-3.5034611225128174,5.61304364337323,-0.9463713375906337,0.6534619331359863,-1.0
63.5616569519043,-3.9837305545806885,5.429785768883167,-0.9735936376212058,0.6763409972190857,-1.0
63.7978401184082,-4.469448089599609,5.295737827490781,-1.0201941630076306,0.783231794834137,-1.0
64.00077056884766,-4.963443756103516,5.4568508013316,-1.0747980201019605,0.4845876693725586,-0.2764531373977661
64.210205078125,-5.466830730438232,5.478342828887937,-1.1136303709047333,0.6083360910415649,0.243839830160141
64.45092010498047,-5.963677883148193,5.674214329496603,-1.1213255748745166,0.7192264199256897,0.0902806743979454
64.72296142578125,-6.463381290435791,5.7934879195278866,-1.1081629011868008,1.0,0.3868345022201538
65.03999328613281,-6.952841758728027,6.008885106649452,-1.070598747695124,1.0,0.3721696138381958
65.40345764160156,-7.438740253448486,6.29692313622392,-1.0173488416989898,1.0,0.31708866357803345
65.79995727539062,-7.936180114746094,6.60767550281501,-0.9673706291020174,1.0,0.18767833709716797
66.21720886230469,-8.4563627243042,6.910522035606625,-0.9328693771800411,1.0,0.08797222375869751
66.65250396728516,-9.000760078430176,7.208769914074607,-0.9126626424090656,1.0,0.05565758794546127
67.10675048828125,-9.568078994750977,7.504204850524249,-0.9017040008394979,1.0,0.0034050513058900833
67.56989288330078,-10.164807319641113,7.776364507627368,-0.9034220060587081,1.0,-0.10508131235837936
68.04167938232422,-10.787534713745117,8.009440144107492,-0.9121534460086416,0.9810757040977478,0.1026775911450386
68.55562591552734,-11.40768051147461,8.258083070700563,-0.8969739604274078,0.9407158493995667,0.1546160727739334
69.11116790771484,-12.024985313415527,8.499064975448643,-0.8673492227774755,0.8376150727272034,0.14541411399841309
69.6927261352539,-12.651163101196289,8.753938524951026,-0.8420449313639793,0.9199526906013489,-0.009604452177882195
70.28372192382812,-13.3041353225708,9.020621652778768,-0.8357526806564479,0.901616096496582,0.0020364094525575638
70.8967056274414,-13.972640037536621,9.273785027618276,-0.8306511292722929,0.8737829327583313,0.054075755178928375
71.5411605834961,-14.643525123596191,9.443482718050266,-0.8160908286445023,0.6165437698364258,0.1031683012843132
72.2086181640625,-15.313088417053223,9.518624724861576,-0.7983104999426978,0.25502103567123413,0.011802436783909798
72.88140106201172,-15.98875904083252,9.599586212805535,-0.7904826705506274,0.27373069524765015,0.022633777931332588
73.56925964355469,-16.65776824951172,9.605286964646352,-0.7788134976022274,0.07901637256145477,0.10474767535924911
74.27483367919922,-17.29615020751953,9.239884735016897,-0.7533166596419179,-0.13400210440158844,0.14041464030742645
74.95753479003906,-17.88181495666504,8.246818098063136,-0.7260312426935105,-0.480168879032135,0.04460878670215607
75.56189727783203,-18.414262771606445,7.297233340221873,-0.712741536221797,-0.5116946697235107,-0.08885600417852402
76.09173583984375,-18.89411735534668,6.484456205237706,-0.7103694586388638,-0.36908283829689026,0.028147535398602486
76.58509063720703,-19.303266525268555,6.050669202041677,-0.7005069741739742,-0.15323635935783386,0.1648350954055786
77.06588745117188,-19.660512924194336,5.732166697877829,-0.6776900752186101,-0.12022983282804489,0.162454754114151
77.53575897216797,-19.992996215820312,5.778022244023019,-0.6547553313850116,0.1432090699672699,0.10117559880018234
78.01011657714844,-20.323772430419922,5.805945065524755,-0.6365567532340091,0.09273374825716019,0.10099957138299942
78.49051666259766,-20.655845642089844,5.953606084407151,-0.6228224320183076,0.4988667964935303,0.021627845242619514
78.98075866699219,-20.99850082397461,6.093346670202157,-0.6161526782262587,0.47199752926826477,0.02885056473314762
79.48564147949219,-21.343921661376953,6.218774831993134,-0.6091275255867385,0.435913622379303,0.06982316076755524
80.00776672363281,-21.68964958190918,6.420360675073127,-0.5990898051221212,0.6814947724342346,0.05349241942167282
80.54974365234375,-22.040224075317383,6.597994447461707,-0.5885688540777085,0.6063815355300903,0.07080896943807602
81.1110610961914,-22.394515991210938,6.793371432788835,-0.5773264526939936,0.6585725545883179,0.045825012028217316
81.69390106201172,-22.749767303466797,6.968399558495906,-0.5640946699759892,0.6391181945800781,0.12798462808132172
82.30255126953125,-23.097322463989258,7.167398572011225,-0.5437075060411605,0.6739619970321655,0.10044816881418228
82.93441772460938,-23.443403244018555,7.354724427239472,-0.523528334987466,0.6368454694747925,0.09908739477396011
83.58966064453125,-23.78243637084961,7.485396963938477,-0.5012948014688856,0.47365546226501465,0.13849174976348877
84.2696533203125,-24.10649871826172,7.70730058595582,-0.4736658367398583,0.7741978764533997,0.1488661766052246
84.97942352294922,-24.42069435119629,7.97165852634673,-0.4445706686726876,0.8890993595123291,0.11503367871046066
85.71946716308594,-24.730051040649414,8.220964320162919,-0.41835530985027525,0.8454349040985107,0.10853507369756699
86.4897232055664,-25.03078842163086,8.463270555482017,-0.3927745823156279,0.8316996693611145,0.11540130525827408
87.29029083251953,-25.312702178955078,8.614793418585604,-0.36283652376344744,0.5831664204597473,0.172442227602005
88.1176528930664,-25.563575744628906,8.77313986789704,-0.3247589128136035,0.568154513835907,0.17156635224819183
88.96980285644531,-25.791969299316406,9.002103206167,-0.2880640151017282,0.75490403175354,0.10228288918733597
89.84494018554688,-26.00848960876465,9.093798452964851,-0.25981480015482283,0.3101813793182373,0.09750714153051376
90.73777770996094,-26.203516006469727,9.301417368987824,-0.2322340386415256,0.7387922406196594,0.13087031245231628
91.65501403808594,-26.364355087280273,9.395580770973945,-0.1970227879729336,0.4155551493167877,0.1861272156238556
92.58963775634766,-26.481277465820312,9.513382842806005,-0.1532385554392679,0.42572149634361267,0.17093592882156372
93.5385971069336,-26.56785011291504,9.594753841424717,-0.11369181167408193,0.2512837052345276,0.09108196198940277
94.49385833740234,-26.634265899658203,9.529726033619971,-0.08422673053150032,-0.023326264694333076,0.11032252758741379
95.44648742675781,-26.67027473449707,9.535974060228515,-0.054381483143308706,0.04578406363725662,0.1232074424624443
96.38953399658203,-26.670223236083984,9.10558714411111,-0.020621655268810102,-0.1590542048215866,0.1595216989517212
97.29467010498047,-26.632789611816406,8.841764014599102,0.01636712226935444,-0.10055967420339584,0.13939857482910156
98.16864776611328,-26.56839370727539,8.471317295281654,0.05025052081843295,-0.14220121502876282,0.1255023181438446
99.0064468383789,-26.482717514038086,8.202634765238715,0.08024557101794016,-0.10300865024328232,0.11636897176504135
99.81633758544922,-26.377464294433594,8.010553779874211,0.10775163086266026,-0.07279738783836365,0.11963649839162827
100.60476684570312,-26.253093719482422,7.859355558013543,0.13421972367252177,-0.05757572501897812,0.11413194984197617
101.37943267822266,-26.109949111938477,7.912482244930579,0.16001137356550288,0.1919742077589035,0.1223481222987175
102.15081024169922,-25.939655303955078,7.877667612613757,0.18967406126096975,-0.005771821364760399,0.18051677942276
102.912109375,-25.737836837768555,7.866961861763091,0.22533485352156646,-0.003113808110356331,0.15966641902923584
103.66563415527344,-25.511760711669922,7.866298560967933,0.26000361827610874,0.004587838426232338,0.15165682137012482
104.4142837524414,-25.265647888183594,7.923684617164682,0.2909805759695292,0.1805388629436493,0.10380267351865768
105.16185760498047,-25.001731872558594,7.9528489358609935,0.31739207660622615,0.1177646815776825,0.12966012954711914
105.89945983886719,-24.71088218688965,7.86624777192278,0.3479337406194736,-0.026251645758748055,0.17966917157173157
106.61845397949219,-24.388940811157227,7.906069125678688,0.3853547492025582,0.17411360144615173,0.1906079202890396
107.32588958740234,-24.034975051879883,7.934067735821855,0.4260019111301645,0.11923634260892868,0.19010546803474426
108.0224838256836,-23.65546989440918,7.930140020195506,0.4647181481094096,-0.003440508618950844,0.1375504434108734
108.70654296875,-23.267271041870117,7.657389031763882,0.49348967552510814,-0.10666244477033615,0.06882607191801071
109.36924743652344,-22.881498336791992,7.65675181541409,0.5127202951775427,0.0020016394555568695,0.08537553995847702
110.02337646484375,-22.482736587524414,7.67479242534763,0.5314169510314173,0.06849648058414459,0.09167812019586563
110.67143249511719,-22.069971084594727,7.713722758562305,0.5500612757698713,0.1313915252685547,0.07867543399333954
111.314453125,-21.642311096191406,7.759463902837651,0.5689646595033624,0.17385530471801758,0.108461894094944
111.95098876953125,-21.19598960876465,7.829222024663142,0.5906626313267287,0.24030904471874237,0.09991876035928726
112.58448028564453,-20.732982635498047,7.913254084960553,0.6119376931689899,0.28548142313957214,0.09088556468486786
113.2227554321289,-20.262744903564453,7.998100413988868,0.6255445821265324,0.32693374156951904,-0.04064793884754181
113.87501525878906,-19.796606063842773,8.092870251301145,0.6249165421624641,0.3210621774196625,-0.0008558761328458786
114.52757263183594,-19.315454483032227,8.185110172297575,0.6303554494777055,0.3966609239578247,0.11514707654714584
115.17227935791016,-18.806724548339844,8.317395063898987,0.6493378625165453,0.45304936170578003,0.08950997143983841
115.8172607421875,-18.2784481048584,8.421567774319877,0.6691229523079345,0.35311219096183777,0.07967269420623779
116.46121215820312,-17.732580184936523,8.52365071089623,0.6881131550929629,0.3493460416793823,0.08048100024461746
117.10245513916016,-17.16811752319336,8.621549606531612,0.7072295917136602,0.3368017375469208,0.08242330700159073
117.7470932006836,-16.588808059692383,8.828705749514437,0.7222992884789559,0.7026267647743225,0.0061050895601511
118.4074478149414,-15.99721908569336,9.018271972219218,0.7284242260910014,0.6416840553283691,0.02201276458799839
119.06949615478516,-15.384285926818848,9.077029747605147,0.7391537692277943,0.26767295598983765,0.11225070804357529
119.71638488769531,-14.744866371154785,9.168063972269703,0.7619739971345201,0.3228229582309723,0.10381879657506943
120.355224609375,-14.086888313293457,9.194086356581975,0.7847961558330354,0.080522820353508,0.06125006824731827
120.9928207397461,-13.430937767028809,9.008497518761434,0.795604928012259,-0.06719610840082169,-0.056001633405685425
121.62047576904297,-12.792413711547852,8.75807414933141,0.7962374287711524,-0.09063800424337387,0.07569065690040588
122.21643829345703,-12.152355194091797,8.667168987163452,0.8097299349598757,-0.033338434994220734,0.07793727517127991
122.78994750976562,-11.50069522857666,8.718891320112153,0.8308882837673641,0.23661962151527405,0.14050447940826416
123.34444427490234,-10.827147483825684,8.750645665539908,0.8590855670730146,0.10302447527647018,0.10008694976568222
123.89138793945312,-10.155397415161133,8.366784786485802,0.8769407971804775,-0.14942073822021484,-0.06890984624624252
124.43852996826172,-9.53308391571045,7.955043894798978,0.8666356287633885,-0.1471690833568573,-0.19317254424095154
124.99173736572266,-8.960685729980469,7.908070071792463,0.8366670104376999,-0.017761925235390663,-0.13537701964378357
125.55580139160156,-8.419046401977539,7.530906708801171,0.8015279314346495,-0.1411316692829132,-0.34625810384750366
126.13667297363281,-7.942699432373047,7.40467044292625,0.7476977226369872,0.13302145898342133,-0.5818539261817932
126.74502563476562,-7.525183200836182,7.291394081598832,0.6794197317675899,0.3672024607658386,-0.7382240295410156
127.3800277709961,-7.167480945587158,7.275258805015779,0.6017676801772227,0.6553772687911987,-0.670589029788971
128.0365753173828,-6.849513053894043,7.370059810785932,0.5286222297834886,0.9227698445320129,0.1735100895166397
128.6925506591797,-6.511829376220703,7.427375475325825,0.49629744626237837,1.0,0.3627137541770935
129.33868408203125,-6.1418609619140625,7.530592487267813,0.500074341320329,1.0,0.34021997451782227
129.97134399414062,-5.728381156921387,7.68369871349201,0.5320529138997276,1.0,0.3409745991230011
130.58786010742188,-5.263607978820801,7.890250165313181,0.584793956390576,1.0,0.34461429715156555
131.18838500976562,-4.742956638336182,8.17203049658075,0.6495990520404549,1.0,0.2948276698589325
131.78419494628906,-4.184614181518555,8.197416978023568,0.7062969526999145,0.7022006511688232,-0.2842203378677368
132.3929901123047,-3.6400349140167236,8.078114983509403,0.7252267683072251,0.6807236075401306,-0.6780961155891418
133.01629638671875,-3.1300508975982666,7.966675681482783,0.7115799319333318,0.6511931419372559,-0.6691781282424927
133.66217041015625,-2.6647489070892334,7.938492022925295,0.6725672185457343,0.6867805123329163,-0.5600905418395996
134.33900451660156,-2.246589422225952,8.022683315821594,0.6149904081475208,1.0,-0.5078360438346863
135.0470428466797,-1.856785774230957,8.313056585798313,0.556208051302856,1.0,-0.0960925966501236
135.7810821533203,-1.4539772272109985,8.612707144532864,0.522792636736332,1.0,-0.09859059005975723
136.55027770996094,-1.0539501905441284,8.90297589999547,0.4956596857603319,1.0,-0.11694809049367905
137.34979248046875,-0.6528165936470032,9.157446441385627,0.4752608039167061,1.0,0.05472967028617859
138.15855407714844,-0.21686871349811554,9.354769532704342,0.48226971127357743,0.9913233518600464,0.17987583577632904
138.9624786376953,0.2680293023586273,9.55772752799683,0.5148321819219763,0.8646478652954102,0.20977985858917236
139.76309204101562,0.7903459668159485,9.612488910724913,0.5527989387914456,0.5721088647842407,-0.15581580996513367
140.5759735107422,1.2915585041046143,9.354014239070699,0.557415461962071,0.39681607484817505,-0.9689528942108154
141.3883056640625,1.7481403350830078,9.171781363456388,0.5355742786510858,0.06916340440511703,-0.5799333453178406
142.20938110351562,2.147355079650879,8.981886241286745,0.4915092823594982,0.2817718982696533,-0.7690098881721497
143.0441131591797,2.485483407974243,9.068830420289204,0.4325028205091028,0.6370216608047485,-0.34260502457618713
143.90457153320312,2.7626848220825195,8.97178868837803,0.36323573161085054,0.7451669573783875,-0.8549584746360779
144.77145385742188,2.973536252975464,8.751725162039216,0.29152226293525096,0.30553188920021057,-1.0
145.6334991455078,3.1142971515655518,8.653046745721719,0.21807600849639197,0.5782042741775513,-0.7507632970809937
146.50035095214844,3.192056894302368,8.841245434604762,0.14448208177508803,0.6178231239318848,-0.25650647282600403
147.38768005371094,3.2383322715759277,9.060976083781203,0.08761586933473531,0.7130765318870544,-0.08984231948852539
148.29750061035156,3.280125379562378,9.290446715816124,0.05789965210135861,0.7615786790847778,-0.051942311227321625
149.230712890625,3.3237974643707275,9.563812312877106,0.046562841656999865,1.0,0.05933470278978348
150.18955993652344,3.391838550567627,9.820953154671686,0.057338257743569265,0.9110231399536133,0.09765235334634781
151.17405700683594,3.4749341011047363,10.113990526973835,0.07327634476131184,1.0,-0.0010099392384290695
152.18533325195312,3.5441997051239014,10.271012959178996,0.07220029452286525,1.0,-0.19509407877922058
153.21788024902344,3.5751094818115234,10.552592816144637,0.047724778840601445,1.0,-0.12718465924263
154.27871704101562,3.568997621536255,10.837978324325977,0.01319303372414371,1.0,-0.1339329332113266
155.36672973632812,3.538480043411255,11.10653766996602,-0.016516392448453487,1.0,0.016792895272374153
156.4830780029297,3.517871141433716,11.401083074530007,-0.021541910583487756,1.0,0.018227988854050636
157.6286163330078,3.4928691387176514,11.69121523165236,-0.02303128342311389,1.0,-0.041059382259845734
158.8003692626953,3.463003635406494,11.885132907946884,-0.02554570696631231,1.0,0.1269795149564743
159.99163818359375,3.4731080532073975,12.050406386501704,-0.0030941937125081864,1.0,0.2054414451122284
161.19850158691406,3.5164942741394043,12.203035401973818,0.026197382485054987,0.9622848629951477,-0.12640005350112915
162.42271423339844,3.5327446460723877,12.42016252198428,0.020809408125661122,1.0,-0.13159166276454926
163.6676025390625,3.5041027069091797,12.60164592912931,-0.010055430485866879,0.6704202890396118,-0.12398368865251541
164.9291229248047,3.444347381591797,12.769560643060792,-0.03996392794994641,0.64874666929245,0.02459229715168476
166.20545959472656,3.380373477935791,12.859614984482889,-0.051048936513238274,0.43147146701812744,-0.10159548372030258
167.4899139404297,3.2888588905334473,12.970032085558024,-0.06766905908615062,0.5601468682289124,0.08324390649795532
168.78890991210938,3.2308878898620605,13.144387593594715,-0.05319038434577106,0.6898929476737976,0.10921356827020645
170.1076202392578,3.2129323482513428,13.35962526001619,-0.022378542639936327,0.7415236234664917,0.0859270915389061
171.4474639892578,3.2355058193206787,13.569679311758357,0.010726813396676249,0.7514251470565796,0.10407253354787827
172.8077850341797,3.2969961166381836,13.80189796918925,0.041300701659112704,0.775820791721344,0.03239070624113083
