5.0,7.0,0.0,0.0,0.0,0
5.007097244262695,7.0,0.2957073450088504,0.0,1.0,0.0
5.0405802726745605,6.995954990386963,0.5410943907336966,-0.0023196133094591787,1.0,-0.7788334092086766
5.09774112701416,6.97986364364624,0.8055178214475321,-0.012265987348687446,1.0,-0.781107642429279
5.172952651977539,6.964868068695068,0.8236743118789738,-0.021286380276894334,1.0,0.7794363867830361
5.2578558921813965,6.9822845458984375,1.054713426082257,-0.0110526511560467,1.0,0.7793647166198051
5.362918376922607,7.016822814941406,1.3127215730704886,0.009776464361681114,1.0,0.7812100181004131
5.490947246551514,7.064176082611084,1.574298286760072,0.03761155775907987,1.0,0.7794906038839498
5.635990619659424,7.111745834350586,1.4613125587308713,0.06480536196598852,1.0,-0.7813827653351955
5.780920505523682,7.122145652770996,1.4922096991812157,0.06857000648292377,1.0,-0.7793351196063273
5.931064128875732,7.09270715713501,1.7024273356706408,0.04780960052132066,1.0,-0.7812251184704126
6.098452091217041,7.041106224060059,1.951001124171488,0.013987987309532102,1.0,-0.7794805351438044
6.287181854248047,6.974431991577148,2.2048717274181784,-0.02756571465313762,1.0,-0.781164583238949
6.491309642791748,6.9051618576049805,2.0701240127378893,-0.06864018077764733,1.0,0.7794420653360608
6.693284034729004,6.870771884918213,1.9976025047303982,-0.08601118161990762,1.0,0.7811803590322793
6.893105506896973,6.87876558303833,2.070622276042688,-0.07569263081834166,1.0,0.7795199520868387
7.098680019378662,6.926113605499268,2.2817163827797695,-0.04135516330340394,1.0,0.7811474592852342
7.32072639465332,6.99669075012207,2.5255769366957352,0.005532450848530601,1.0,0.7795473545340317
7.556417465209961,7.072596549987793,2.3858104184432296,0.052972404610548196,1.0,-0.7814018270426462
7.788801670074463,7.114799499511719,2.2914535095111943,0.07661807929714382,1.0,-0.7793156322057768
8.017189025878906,7.115904808044434,2.300668016952225,0.0724463706075893,1.0,-0.7812324774403445
8.246153831481934,7.074538707733154,2.463550353647975,0.04155010669519843,1.0,-0.7794736127786114
8.486191749572754,7.001863479614258,2.693278148469601,-0.006589725801291912,1.0,-0.7811675908231018
8.743085861206055,6.906055927276611,2.9375556478699316,-0.0638330418519999,1.0,-0.7795301635681182
9.01233196258545,6.801445007324219,2.7957495276107993,-0.12027581167903101,1.0,0.7813486203538107
9.279620170593262,6.728830814361572,2.684025280639819,-0.15130163837845423,1.0,0.779368286659108
9.544563293457031,6.696037292480469,2.6474596300672233,-0.15343416462133508,1.0,0.7812122113729729
9.81007194519043,6.7057976722717285,2.7379151025751804,-0.12769258215684687,1.0,0.779492206100717
10.083242416381836,6.753600597381592,2.93103949880316,-0.07994090538923615,1.0,0.7811600133668627
10.370896339416504,6.829808235168457,3.1597418999358102,-0.02005626616938727,1.0,0.7795374159049361
10.676956176757812,6.91626501083374,3.333790622375146,0.03938349199036395,1.0,0.1120160141470231
11.00212287902832,6.97177791595459,3.2355817343660425,0.07161879329884702,1.0,-0.7789466899093581
11.323549270629883,6.990673542022705,3.1802094502103033,0.0759955653923381,1.0,-0.7813704858140251
11.640707015991211,6.968271732330322,3.209453244543255,0.05271168113982938,1.0,-0.77934741822817
11.957139015197754,6.902601718902588,3.3490971340964,0.004636962931991562,1.0,-0.7812197881790724
12.279648780822754,6.799177169799805,3.5476041788242805,-0.059313124849917465,1.0,-0.7794842102804526
12.608572959899902,6.679021835327148,3.41110417740071,-0.12392620658520226,1.0,0.7813232940843186
12.934616088867188,6.588080883026123,3.291838645887723,-0.16155827068467588,1.0,0.7793903772907894
13.257600784301758,6.534974575042725,3.225168681550364,-0.1694117995812654,1.0,0.7812029416956857
13.579689979553223,6.5227885246276855,3.2434079566299037,-0.14916578318420992,1.0,0.779500380778915
13.904427528381348,6.5526909828186035,3.3646259288627047,-0.10402839850067558,1.0,0.7811561547126018
14.237457275390625,6.621426105499268,3.5555945823735207,-0.041379264911269864,1.0,0.7795403943413449
14.582475662231445,6.722954750061035,3.7655359625758793,0.030528081891687542,1.0,0.7811379435052661
14.935249328613281,6.841133117675781,3.630475272050228,0.10053073588301942,1.0,-0.7794116580837122
15.284098625183105,6.931548118591309,3.5068659458196505,0.14212225473316842,1.0,-0.7811822028628399
15.628619194030762,6.98532772064209,3.430995057257682,0.15290526082884526,1.0,-0.7795176286740823
15.970953941345215,6.9987592697143555,3.430934769612625,0.13511001842493542,1.0,-0.7811482175961536
16.31402587890625,6.970297813415527,3.5223468482699603,0.0922250022333353,1.0,-0.7795461641121595
16.662260055541992,6.899497032165527,3.6948172208364087,0.02970649669539771,1.0,-0.7811360353613386
17.01995849609375,6.7923736572265625,3.897055093441251,-0.04351365536691354,1.0,-0.7795551527583173
17.392942428588867,6.666553020477295,4.146988003069914,-0.11479156404623048,1.0,-0.24174657475685984
17.790735244750977,6.563539505004883,4.044908019837738,-0.15709760901684788,1.0,0.7791262785928256
18.187700271606445,6.493350028991699,3.9890202250469122,-0.1695783803074491,1.0,0.7178515218966742
18.588088989257812,6.46334171295166,4.134277906502872,-0.15230658221579496,1.0,0.4780755420591284
19.00092315673828,6.4763617515563965,4.173931760815602,-0.10869825147212886,1.0,0.7815736574553257
19.415830612182617,6.5355048179626465,4.286872335651565,-0.04480049480564041,1.0,0.7791408118274056
19.834089279174805,6.642512798309326,4.453584505482637,0.034201646299342414,1.0,0.7813010798613162
20.25440216064453,6.7767157554626465,4.326821131597145,0.11252188500721072,1.0,-0.7793521963613566
20.6700496673584,6.8871893882751465,4.202510046051886,0.15967062210402716,1.0,-0.7812169418627612
21.08112144470215,6.963443756103516,4.113562812187471,0.17447739829070485,1.0,-0.7794876142444611
21.48981285095215,7.0008134841918945,4.084095817305853,0.16014706162304293,1.0,-0.7811612880292405
21.898345947265625,6.996947765350342,4.112735018442453,0.12090445085434354,1.0,-0.7795352324939965
22.308053970336914,6.947143077850342,4.214358756878077,0.060331251334655,1.0,-0.7811405849441668
22.72110939025879,6.849472999572754,4.379847825287567,-0.016477377138484073,1.0,-0.779551857725191
23.13921356201172,6.7075958251953125,4.565410503097899,-0.1020118529232672,1.0,-0.7811326974459533
23.560306549072266,6.521929740905762,4.755289582769231,-0.19273829441121482,1.0,-0.779558462093997
23.979841232299805,6.290548324584961,4.9415859482958995,-0.28730208471385765,1.0,-0.7811301813095216
24.391761779785156,6.011263847351074,5.12470089062294,-0.3851643331846173,1.0,-0.7795600760670618
24.79798698425293,5.699742317199707,5.151473871042445,-0.47610875440778777,1.0,0.314110423292748
25.216562271118164,5.40449857711792,5.035095839685785,-0.5295936843701217,1.0,0.779569242507334
25.641632080078125,5.138819217681885,4.937493671931582,-0.548241804113129,1.0,0.780865172328417
26.078920364379883,4.8941330909729,5.231856360363851,-0.5429003019147576,1.0,0.0493897772360259
26.536911010742188,4.646128177642822,5.190821146770412,-0.5305039528307107,1.0,0.7788110999239783
27.009761810302734,4.433652400970459,5.1687504042734345,-0.4971856770649481,1.0,0.7811097142894109
27.49850845336914,4.265969753265381,5.178811715973521,-0.44409915600168937,1.0,0.7795516009933929
28.003742218017578,4.14940881729126,5.231282091850117,-0.3736839783575041,1.0,0.7811259065369149
28.52754783630371,4.084589004516602,5.447818770898294,-0.2904241084597574,1.0,0.6211175627522427
29.07259750366211,4.046276092529297,5.572282422581458,-0.2116062581022078,1.0,-0.08386919706764236
29.625694274902344,3.9842069149017334,5.574696451028463,-0.16911339238112166,1.0,-0.48421902975644965
30.172855377197266,3.8906495571136475,5.4890286294250625,-0.1609381536248513,1.0,-0.7816029996211211
30.70504379272461,3.76131010055542,5.441313990524507,-0.18100334138388963,1.0,-0.7791091125167134
31.22129249572754,3.5910823345184326,5.429469403123476,-0.22427211908857014,1.0,-0.7813072374278999
31.72953987121582,3.3945326805114746,5.536393940606053,-0.2743515318069658,1.0,0.17654440479946554
32.25326919555664,3.223668098449707,5.447092051984902,-0.2934453315583978,1.0,0.7788575607821646
32.77952194213867,3.089622974395752,5.3793498291734085,-0.28441322072139386,1.0,0.7811212366838136
33.30891036987305,2.9987425804138184,5.353901470664709,-0.25064274020253485,1.0,0.779569280502315
33.842384338378906,2.9547648429870605,5.364893092295455,-0.19640267091310903,1.0,0.7808652787932967
34.3794059753418,2.9625816345214844,5.412086543819299,-0.12558149436074117,1.0,0.7797661405713955
34.91804504394531,3.0267672538757324,5.4935212696481965,-0.041360889099747666,1.0,0.7807800298643288
35.455047607421875,3.1513891220092773,5.609627545447344,0.05361475906547497,1.0,0.7798253575863373
35.986202239990234,3.3394131660461426,5.752194060200478,0.15701971155496253,1.0,0.7810032782974216
36.508724212646484,3.5715956687927246,5.64517380515314,0.25546066493059705,1.0,-0.7794418797036539
37.02675247192383,3.7897443771362305,5.5236472523317826,0.3153792594543443,1.0,-0.7811791886045808
37.54291534423828,3.9797439575195312,5.419743385697562,0.3382122705343029,1.0,-0.779520754458056
38.06099319458008,4.1339287757873535,5.360360934140978,0.3296941497876844,1.0,-0.7811475627549831
38.58396911621094,4.248190879821777,5.33746692251044,0.29593911560314723,1.0,-0.7795476265171633
39.11320877075195,4.31663703918457,5.348546754416788,0.2418697549395965,1.0,-0.7811357977567712
39.64836502075195,4.333649158477783,5.395229659299788,0.17131409554790888,1.0,-0.77955729878976
40.18767166137695,4.294122219085693,5.4767822898111165,0.08729655632003386,1.0,-0.7811313415774863
40.72811508178711,4.194004058837891,5.594900307613811,-0.0076127791340461215,1.0,-0.7795608576959714
41.26582717895508,4.030488014221191,5.739090828971744,-0.11102598742291292,1.0,-0.7811257453577813
41.797157287597656,3.8228225708007812,5.632099596194919,-0.20941820495059904,1.0,0.7794233282093694
42.32339096069336,3.6290316581726074,5.510461943800151,-0.26933893000321874,1.0,0.7811813764841862
42.846473693847656,3.463320732116699,5.4064787188128784,-0.2921901837366434,1.0,0.7795183864834482
43.36982345581055,3.3335039615631104,5.3471898270228415,-0.2836833814246571,1.0,0.7811483947547295
43.8962287902832,3.2437920570373535,5.324563585803218,-0.24992728197568503,1.0,0.7795465235572974
44.42679214477539,3.2001161575317383,5.336091381734662,-0.19583887971033942,1.0,0.7811358029265386
44.9609260559082,3.208064317703247,5.38348166774573,-0.12524047658315673,1.0,0.7795563194380837
45.49664306640625,3.2726516723632812,5.466097160803292,-0.04115542622164803,1.0,0.7811286796141031
46.03077697753906,3.3977975845336914,5.585791104448326,0.05384632092225772,1.0,0.7795590868526163
46.55979919433594,3.5658211708068848,5.474160587196754,0.14645468519450944,1.0,-0.7813359634080747
47.08305358886719,3.7182300090789795,5.354156809460386,0.2021646862476043,1.0,-0.7793726821175306
47.601741790771484,3.8414194583892822,5.253275490657824,0.222025609551034,1.0,-0.7812093391288113
48.11852264404297,3.92797589302063,5.199132257087276,0.21132596039747753,1.0,-0.7794933366150083
48.63576889038086,3.9737887382507324,5.181810389291862,0.175761175094177,1.0,-0.781158138992622
49.160804748535156,3.9812562465667725,5.46940420710302,0.12385749702907844,1.0,-0.3592593696706098
49.712886810302734,3.9633431434631348,5.747219760167727,0.06840076259564931,1.0,-0.3742773982675773
50.28413009643555,3.908424139022827,5.767386070782174,0.00709479430202542,1.0,-0.7798073801428945
50.85099792480469,3.8002676963806152,5.800276146073086,-0.06573134307700901,1.0,-0.781013593393474
51.40715026855469,3.632981777191162,5.8563404697649375,-0.15015754437415563,1.0,-0.7796562842843641
51.94731140136719,3.403430461883545,5.940320378453195,-0.24486115063402725,1.0,-0.7810869691448883
52.47169494628906,3.1313388347625732,5.83267316519905,-0.3361142322275379,1.0,0.7794363119486729
52.992767333984375,2.874462366104126,5.717507593908857,-0.38952312894075014,1.0,0.7811787561431515
53.514564514160156,2.6461570262908936,5.620026398336013,-0.40702968468249523,1.0,0.7795156934895728
54.04125213623047,2.454061985015869,5.563322723649381,-0.39435357052593645,1.0,0.7811486650885658
54.57582473754883,2.3026115894317627,5.54087000370432,-0.3574019440849776,1.0,0.779546295846
55.1197624206543,2.197713851928711,5.550008507678642,-0.30101443485056656,1.0,0.7811358241671534
55.67273712158203,2.144984722137451,5.591186088669694,-0.22899257212073643,1.0,0.7794214176260912
56.23329162597656,2.127423048019409,5.693035396134566,-0.15613700681165632,1.0,-0.1504635562144066
56.798194885253906,2.086561679840088,5.591323332686583,-0.11916966772026605,1.0,-0.7788319057291949
57.35085678100586,2.0158724784851074,5.50642486836425,-0.1142047365000316,1.0,-0.7811265739877452
57.88965606689453,1.907931923866272,5.462940742710921,-0.1368080499359703,1.0,-0.7795629619212326
58.414493560791016,1.7580252885818481,5.454453892877495,-0.18190881615451637,1.0,-0.7808671529675087
58.92335510253906,1.5610979795455933,5.480406421026584,-0.24509337828108269,1.0,-0.7797634723866488
59.4129524230957,1.3130730390548706,5.538581331632327,-0.32285515210836024,1.0,-0.7807799122356589
59.878875732421875,1.0109851360321045,5.629333713419991,-0.4123653279264694,1.0,-0.7798242337286101
60.3161735534668,0.6533361673355103,5.748266120285732,-0.511251694994419,1.0,-0.78100075913263
60.723453521728516,0.240957111120224,5.96984622057872,-0.6154140504979253,1.0,-0.6666950064346789
61.11520767211914,-0.21916326880455017,6.294714241403734,-0.7138171869860805,1.0,-0.4702358042146476
61.49231719970703,-0.7230494618415833,6.349811412701076,-0.8034429439954982,1.0,-0.7807901196082526
61.820858001708984,-1.2680670022964478,6.431307733869295,-0.8978789025658171,1.0,-0.7370797773605917
62.103759765625,-1.8537616729736328,6.737108596051031,-0.9931050210315622,1.0,-0.45748809286345343
62.36655807495117,-2.470637321472168,6.6566574085478,-1.072608102737588,1.0,0.7399862943101262
62.63771438598633,-3.076185464859009,6.55035505456586,-1.1136815035976628,1.0,0.7820631358425334
62.929203033447266,-3.6604671478271484,6.456592688800198,-1.119748184560864,1.0,0.7814348047476337
63.25040817260742,-4.2189459800720215,6.398642612544255,-1.0973669787598368,1.0,0.7817580920267323
63.606964111328125,-4.74931001663208,6.37135999490769,-1.053160635193394,1.0,0.7789260322433239
63.9891357421875,-5.264981269836426,6.604046994028282,-1.0039131939995398,1.0,0.01856908852363997
64.36177062988281,-5.814114570617676,6.818740890983846,-0.9870870759163104,1.0,-0.13147390277523033
64.72920227050781,-6.385348796844482,6.760918073792959,-0.9886575420111292,1.0,0.7289293241104233
65.1253890991211,-6.931802749633789,6.7121714551718314,-0.9696321854997123,1.0,0.72255060030321
65.55960083007812,-7.4458770751953125,6.7962407261321065,-0.9289984725356106,1.0,0.4957138019807499
66.03857421875,-7.937398910522461,7.09021527596009,-0.8736329513695171,1.0,0.2771424355814918
66.54508972167969,-8.432924270629883,7.128480831091612,-0.826635082348453,1.0,-0.4010829766111483
67.03691864013672,-8.948392868041992,7.124391515903091,-0.8127304519810412,1.0,-0.5467416597919578
67.50000762939453,-9.488568305969238,7.097476923191521,-0.8290273999556721,1.0,-0.6557954091117996
67.9252700805664,-10.057462692260742,7.132406620171202,-0.8694334126465719,1.0,-0.5861406955694969
68.30883026123047,-10.661227226257324,7.242554474953937,-0.9285111140561266,1.0,-0.5037490236676595
68.65357208251953,-11.305377006530762,7.527378139032679,-0.998424951625104,1.0,-0.33587474359088565
68.98250579833984,-11.982656478881836,7.590119415448009,-1.0593269183813634,1.0,0.32112019886165827
69.32933807373047,-12.654990196228027,7.494342837621726,-1.083225593371516,1.0,0.7796697860405116
69.6998291015625,-13.304144859313965,7.404658309620661,-1.0754262598031108,1.0,0.7810795232875127
70.10309600830078,-13.923484802246094,7.346475997912741,-1.0424645813073088,1.0,0.7796025854240181
70.54424285888672,-14.509819030761719,7.313386056492735,-0.9910727628037233,1.0,0.7811106322652415
71.02656555175781,-15.058838844299316,7.298069994509425,-0.9265046884908603,1.0,0.7795773884689751
71.55159759521484,-15.565292358398438,7.294679658448738,-0.8523566911047649,1.0,0.7811217583364634
72.11896514892578,-16.023590087890625,7.301963123340004,-0.7710828735899451,1.0,0.7795663619143108
72.72929382324219,-16.42953872680664,7.4358785786946955,-0.6838302594278973,1.0,0.5575284331305688
73.3737564086914,-16.798324584960938,7.42389281834476,-0.6026370025360519,1.0,-0.5160795735696033
74.01067352294922,-17.176239013671875,7.345590650053397,-0.5629560354519256,1.0,-0.7018050311688229
74.62601470947266,-17.57332992553711,7.2499881851993555,-0.5593852690623473,1.0,-0.7814613038391672
75.21211242675781,-17.99764633178711,7.188640066720183,-0.5836226981431594,1.0,-0.77924144324435
75.7656021118164,-18.454833984375,7.150747530468544,-0.6285070825231358,1.0,-0.7809893123094047
76.28336334228516,-18.95196533203125,7.275654287965257,-0.6892471290851185,1.0,-0.4840469483202701
76.77854919433594,-19.482942581176758,7.2459102326118225,-0.7515054437845547,1.0,0.5658636263933995
77.28555297851562,-19.999000549316406,7.195770399410392,-0.777510146564742,1.0,0.6369276127919162
77.81159973144531,-20.486818313598633,7.109164283293057,-0.77084265645962,1.0,0.7820120297671019
78.35980224609375,-20.93742561340332,7.055623197012399,-0.7391489089588053,1.0,0.781469710362728
78.93360900878906,-21.34657096862793,7.025564752212577,-0.688664695754718,1.0,0.7817443089935848
79.53509521484375,-21.708715438842773,7.014850387402432,-0.624254413736443,1.0,0.7789426028924922
80.16929626464844,-22.022092819213867,7.271661056683248,-0.5497104042962526,1.0,0.40471163628317935
80.83951568603516,-22.31036949157715,7.432486274662099,-0.48016661296074226,1.0,-0.06432053931969901
81.51356506347656,-22.61894416809082,7.380242570843819,-0.4491821984162687,1.0,-0.6582368045427349
82.17955017089844,-22.952857971191406,7.666953036269804,-0.44969525640027275,1.0,-0.08299066619204007
82.86486053466797,-23.309675216674805,7.963007938787066,-0.46124045919992973,1.0,-0.045544300813460954
83.5790023803711,-23.6734619140625,8.24159803495612,-0.4663915453803611,1.0,0.06224898320230512
84.32229614257812,-24.0419979095459,8.526765840472404,-0.46386593656058484,1.0,-0.05229406422083519
85.0815658569336,-24.42323875427246,8.449395290050035,-0.4651824702454652,1.0,0.7788808451221927
85.85111999511719,-24.767887115478516,8.367919080441995,-0.44431034467613273,1.0,0.7813901120325741
86.63217163085938,-25.063722610473633,8.300239413423457,-0.40339939664255375,1.0,0.7793129230771955
87.43014526367188,-25.30368995666504,8.442798663501842,-0.3466153427218295,1.0,0.3953563948659013
88.25967407226562,-25.486133575439453,8.693053380348733,-0.2771132298573775,1.0,0.3286828268815811
89.11780548095703,-25.62826156616211,8.764522771966142,-0.21215580139314572,1.0,-0.3030256903931334
89.98001098632812,-25.785511016845703,8.777998817420194,-0.1874651022948033,1.0,-0.4728808730210574
90.84386444091797,-25.97445297241211,9.058010897433867,-0.1965322337001414,1.0,-0.11449444385519586
91.72810363769531,-26.179121017456055,9.195471102863511,-0.2121251750406099,1.0,0.19355223714543046
92.63318634033203,-26.35161018371582,9.308372601552447,-0.20091366632553953,1.0,0.30196846747864753
93.55582427978516,-26.47814178466797,9.35743189278608,-0.1661092135134581,1.0,0.4794166176090693
94.4913330078125,-26.570619583129883,9.578366603101708,-0.12654409393674992,1.0,-0.0412843330669586
95.443603515625,-26.668508529663086,9.60910346190623,-0.10905231873905485,1.0,0.4740420693608629
96.40355682373047,-26.717493057250977,9.635871066021675,-0.07430112914877451,1.0,0.5218717059254839
97.36885070800781,-26.707616806030273,9.726669731160746,-0.02374714112412768,1.0,0.41687821235517747
98.3459701538086,-26.639734268188477,10.023626267741589,0.03391149489857881,1.0,0.1843255260900533
99.34342956542969,-26.521448135375977,10.168538428104291,0.08913320536580738,1.0,0.32510550953839
100.34808349609375,-26.356586456298828,10.252020826973116,0.1393240713758228,1.0,-0.2755489034667092
101.3679428100586,-26.1992130279541,10.547568548914409,0.15413204598498975,1.0,-0.0029733051266799234
102.4085693359375,-26.02615737915039,10.612451686152438,0.16332567754210725,1.0,0.37496466975156173
103.44631958007812,-25.806453704833984,10.608407501442933,0.19218089479506073,1.0,0.5782466964640328
104.47320556640625,-25.530624389648438,10.721487487436185,0.23745703017138897,1.0,0.3430917460017825
105.49154663085938,-25.188161849975586,10.845604911911785,0.2953389722514981,1.0,0.35060733186740617
106.50762176513672,-24.790029525756836,11.14971463652794,0.35087466941124745,1.0,0.09255893741373515
107.54402160644531,-24.37100601196289,11.339766718430722,0.37934053251283206,1.0,-0.10108462508309449
108.59495544433594,-23.950828552246094,11.291812444181438,0.3845130571400386,0.5424465938667552,0.43513661295243083
109.62296295166016,-23.49034309387207,11.17201334283324,0.40920841677028896,0.6787353009355996,0.7050250485151354
110.61763000488281,-22.9827938079834,11.141788257676572,0.4511006065075076,1.0,0.6314197740430079
111.57776641845703,-22.42083168029785,11.078106946363269,0.5043981830871545,1.0,0.7814097159158286
112.4986343383789,-21.80550193786621,11.064894434280692,0.5632314063086401,1.0,0.6567797232404091
113.37808227539062,-21.133485794067383,11.084216180223097,0.6260848709326821,1.0,0.5758865480291635
114.21514892578125,-20.400938034057617,11.258434275357597,0.692719624830473,1.0,0.2807282727854703
115.02682495117188,-19.61712646484375,11.40731628823571,0.7511960510449152,1.0,-0.11563918553565085
115.85177612304688,-18.832754135131836,11.32991455401178,0.7658526915251382,1.0,-0.7300620921986216
116.68059539794922,-18.086965560913086,10.582914154115043,0.748785890258393,-0.3532440124078985,-0.7820677542546371
117.49907684326172,-17.4199161529541,10.375211549875056,0.7100828359265439,0.5138735187451925,-0.781430319179439
118.34394836425781,-16.81705093383789,10.38015588326406,0.6534709553702935,1.0,-0.588288496839343
119.21621704101562,-16.25330924987793,10.416634005788705,0.5997388840588007,1.0,0.39904329162499896
120.08222198486328,-15.676732063293457,10.369351619036237,0.5848436243449058,1.0,0.6699606590184964
120.92617797851562,-15.077580451965332,10.28483897944983,0.5998753044856402,1.0,0.7814650675855002
121.73641967773438,-14.44674015045166,10.211522159725574,0.6355760441625877,1.0,0.7787817735123479
122.50595092773438,-13.777701377868652,10.14788541068091,0.685057377479179,1.0,0.7814228224028931
123.22897338867188,-13.067083358764648,10.104425117421012,0.7432631599478414,1.0,0.7472789491431132
123.90109252929688,-12.31262493133545,10.107106524117883,0.8073274973405153,1.0,0.640502781903247
124.5193862915039,-11.511604309082031,10.166771736386355,0.8760238042381365,1.0,0.5138731653636961
125.08184814453125,-10.661349296569824,10.300898006718624,0.9488437497676365,1.0,0.3700772762985523
125.59423065185547,-9.760421752929688,10.586799321114109,1.0214831995542557,1.0,0.2124288499837033
126.08116912841797,-8.814157485961914,10.879978052005645,1.0771181993331513,1.0,0.05453503911271585
126.57801818847656,-7.8415398597717285,11.133391357738873,1.0982997509316377,1.0,-0.06201196190028778
127.10897064208984,-6.8571696281433105,11.406370129285717,1.0881299376769524,1.0,-0.10379374891100006
127.68519592285156,-5.869955539703369,11.566525254442771,1.0585723782655165,1.0,-0.22908022212650897
128.314208984375,-4.901981353759766,11.502807252340672,1.014025582843221,1.0,-0.7789311008595163
128.99063110351562,-3.973541259765625,11.430922994297456,0.9618500293203383,1.0,-0.7811029606674313
129.71617126464844,-3.092329502105713,11.35846453220206,0.9044032477623478,1.0,-0.7795903036562087
130.49008178710938,-2.263087511062622,11.290184783015757,0.8433416910777654,1.0,-0.7804490748319878
131.30966186523438,-1.4887951612472534,11.222574705452542,0.7802596606531678,1.0,-0.7804225781090237
132.17172241210938,-0.7727195620536804,11.15180312228456,0.7159620969280303,1.0,-0.7800550781731485
133.072265625,-0.11861631274223328,11.056705060099468,0.6507570610614488,0.8623420363081841,-0.7812385531352294
133.98611450195312,0.46122923493385315,10.147952737905868,0.5846233809227561,-1.0,-0.4528451432507778
134.88055419921875,0.9514166116714478,10.259266959228007,0.5086389342279691,1.0,-0.2902646228825757
135.81626892089844,1.3603345155715942,10.10903255529863,0.42312130293708083,0.255044943941969,-0.6354284361768259
136.77561950683594,1.6835243701934814,10.16302516433048,0.342042561972109,1.0,-0.44835003544023605
137.76023864746094,1.9275176525115967,10.099605935716731,0.26527973986971976,1.0,-0.7710677532465309
138.73178100585938,2.114210367202759,9.288395147762069,0.20170502464345663,-1.0,0.3217318315814892
139.63592529296875,2.3137423992156982,9.061248005050036,0.17388444547399828,1.0,0.7804789003156475
140.51141357421875,2.537587881088257,8.959028721823186,0.19364909550402132,1.0,0.7803918338545045
141.36788940429688,2.797034502029419,8.918181163150123,0.2430988037826669,1.0,0.7820688370729533
142.20713806152344,3.1076388359069824,9.050891161205415,0.3052738946980389,1.0,0.4008950027552826
143.0366973876953,3.462871551513672,8.966043507625704,0.36469421178183214,1.0,-0.7793834720226404
143.86767578125,3.804250717163086,9.030798345219567,0.38591547777007484,1.0,-0.347621231781036
144.7130889892578,4.114388942718506,8.942993879928636,0.3728470799849468,1.0,-0.7798483815723973
145.56573486328125,4.379122734069824,8.877071965071718,0.33720972354194245,1.0,-0.7807399139657738
146.42654418945312,4.591200828552246,8.828217406881775,0.28610153169444974,1.0,-0.7798498933548906
147.29493713378906,4.7446184158325195,8.789288499329967,0.22463537426125768,1.0,-0.7807384206344206
148.16839599609375,4.834527015686035,8.756892577660274,0.1561929331945482,1.0,-0.7798518695336538
149.04299926757812,4.857292175292969,8.729175363011187,0.08293656214141087,1.0,-0.7809915815546703
149.9140167236328,4.810853004455566,8.706805100062498,0.006283329117878544,1.0,-0.7796717345071681
150.77622985839844,4.694573402404785,8.685100990358336,-0.07283146370121507,1.0,-0.7810795003278195
151.62391662597656,4.508732318878174,8.66203871287098,-0.15394482576035706,1.0,-0.7796039298330406
152.46336364746094,4.265356540679932,8.976093828258003,-0.22938019521739683,1.0,-0.2147384881944061
153.31976318359375,3.9929358959198,9.078250934229624,-0.2802704073296667,1.0,0.23574689868319643
154.187744140625,3.7356228828430176,8.98948357649045,-0.29246022827117724,1.0,0.7789486932366079
155.0567169189453,3.512878656387329,8.903579420016813,-0.27521705916124084,1.0,0.7810913918442735
155.9281005859375,3.3375656604766846,8.837791746516027,-0.23630800931907459,1.0,0.7795923226262761
156.802490234375,3.21743106842041,8.789574823546527,-0.18263146491630966,1.0,0.7808551155611436
157.67848205566406,3.1577401161193848,8.753254025112064,-0.11929496944955442,1.0,0.7797724381368162
158.55296325683594,3.1624515056610107,8.723089373475075,-0.04957114842435395,1.0,0.7807765250593791
159.4215850830078,3.2343196868896484,8.697895362497512,0.0245677942140361,1.0,0.7798274245287266
160.28050231933594,3.375380516052246,8.73202635541342,0.10227404113258576,1.0,0.6418745206118328
161.1322021484375,3.5667765140533447,8.736690250402798,0.17175484870831692,1.0,-0.46990030310911074
161.98477172851562,3.746224880218506,8.634325763767942,0.19923973642237058,1.0,-0.7815083141419398
162.8332977294922,3.895275592803955,8.547181333905579,0.19278010604032936,1.0,-0.7614913055182941
163.6799774169922,4.0007781982421875,8.483590147488222,0.16129435142064885,1.0,-0.7769831270396923
164.52903747558594,4.055054664611816,8.589314186122557,0.11173345616649222,1.0,-0.42556112469333945
165.3948516845703,4.060226917266846,8.89121441459161,0.05365577174626246,1.0,-0.20158079325538628
166.28077697753906,4.043793678283691,8.812665607706203,0.009468869255776724,1.0,0.7790544522719208
167.1601104736328,4.045382022857666,8.716716729664807,-0.001166997189672614,1.0,0.780290929966784
168.02903747558594,4.082658290863037,8.628487006755698,0.017276991255780416,1.0,0.7794603947169512
168.88621520996094,4.1673760414123535,8.56562639691918,0.05734784512349389,1.0,0.781165825045762
169.73683166503906,4.307660102844238,8.809022610882165,0.11316463893630058,1.0,0.2926739067696106
170.59494018554688,4.492659091949463,8.727387648412352,0.16976866316733563,1.0,-0.7791990028928585
171.44891357421875,4.662940502166748,8.628390993834563,0.1909161595933826,1.0,-0.7810049155521068
