5.0,7.0,0.0,0.0,0.0,0
5.007097244262695,7.0,0.2957073450088504,0.0,1.0,-1.3626641885108358e-21
5.042460918426514,6.998934268951416,0.5884600680515879,-0.0006414223485453618,1.0,-0.194535463412745
5.107133388519287,6.996415615081787,0.8833889641317448,-0.002390986026673758,1.0,-0.00824647086754943
5.201377868652344,6.995114803314209,1.1790982487528219,-0.003082076329548933,1.0,-0.013849344799161398
5.3251953125,6.993839263916016,1.4748012314102628,-0.003633217517140963,1.0,-0.015241788178246814
5.478581428527832,6.992280960083008,1.7704989132526086,-0.0042781019751032545,1.0,-0.016065545755464913
5.661531448364258,6.990139961242676,2.0661434871733664,-0.005156811976775089,1.0,-0.023253017763254783
5.874038219451904,6.987145900726318,2.361827479145726,-0.006398111360860881,1.0,-0.02233929868260935
6.116110801696777,6.984182834625244,2.65739819188934,-0.007391204131351969,1.0,0.004336937268769387
6.387757301330566,6.982295036315918,2.9530832994770657,-0.007405452043183658,1.0,0.00591611849829248
6.6889753341674805,6.981037139892578,3.2487344290830684,-0.006901315648831563,1.0,0.01259182315539467
7.019761562347412,6.980426788330078,3.5444218072692104,-0.00590302971421508,1.0,0.012986933716437736
7.380117893218994,6.980073928833008,3.8401364512683034,-0.004760666764625832,1.0,0.009378273330319199
7.770043849945068,6.980088710784912,4.135781220923408,-0.0035333489762630066,1.0,0.01545302108277053
8.189530372619629,6.981401443481445,4.431367848222475,-0.0017133446873023317,1.0,0.021155434282963907
8.63852310180664,6.981678485870361,4.725660665913619,-0.0008239820412700993,1.0,-0.02843293485349268
9.11690902709961,6.975650310516357,5.019752355598582,-0.004095409124324156,1.0,-0.05192327244053132
9.624625205993652,6.968249797821045,5.312624386585893,-0.007560714334735152,1.0,0.02786068254647926
10.161799430847168,6.967347145080566,5.6081572667100295,-0.00582047172042266,1.0,0.019976032962343362
10.728150367736816,6.974228858947754,5.894958599039315,4.913532211148208e-05,1.0,0.09866515918859295
11.323009490966797,6.997055530548096,6.186840564561975,0.013928865133332025,1.0,0.10836417110935857
11.946866035461426,7.027721881866455,6.483252278292655,0.02824109230558136,1.0,0.03269445946004993
12.600483894348145,7.053382873535156,6.776242147602831,0.034029739250978075,1.0,-0.02319263049641677
13.282832145690918,7.06338357925415,7.043842883004919,0.027501931945030478,1.0,-0.13656705071805766
13.993054389953613,7.050248146057129,7.33934046812985,0.008187622455340104,1.0,-0.09614274687928534
14.732651710510254,7.0319743156433105,7.635098375583329,-0.00770945188161587,1.0,-0.019557407471068964
15.496763229370117,7.026587963104248,7.72857737546675,-0.009466206094685958,0.6263651561061484,0.19263329740971574
16.27031707763672,7.048322677612305,7.791041782838948,0.006713296475871822,0.20754224062841412,0.04759332351393082
17.0483455657959,7.060787677764893,7.773332804453255,0.012119513488732636,0.2803310213445172,-0.2365246762777543
17.798988342285156,7.035171985626221,6.761699095753012,-0.007191733365704778,-0.42738636873338925,-0.1544868210640609
18.464204788208008,6.998562812805176,6.19794036174942,-0.02724453742567423,-0.22038854617825276,-0.0316646004728794
19.076120376586914,6.974709987640381,5.79824653785832,-0.033722410461182406,-0.15116390305260013,0.04192100919642408
19.658252716064453,6.9634809494018555,5.833424525405204,-0.03032128743304252,0.1221843852749877,0.04309713807556638
20.242738723754883,6.9549880027771,5.889850685346418,-0.02526487662936372,0.19065850456998507,0.01545913554494337
20.83262062072754,6.944822788238525,5.940303926485776,-0.022118484959489315,0.17040170460776455,0.0122197729473187
21.428890228271484,6.93170690536499,6.049118895099319,-0.02146028469607586,0.3733257502885839,-0.02902432876152097
22.03533363342285,6.9122185707092285,6.1445302949135145,-0.024969931538637802,0.32416560088886365,-0.032142938945383843
22.650774002075195,6.889167308807373,6.219621669274777,-0.02972194302972042,0.2538633740856978,-0.026150847952176925
23.27322769165039,6.864882469177246,6.2723715577968004,-0.03364824142482448,0.17810978914966744,-0.009928543766530532
23.899248123168945,6.842516899108887,6.247439309136856,-0.03497103353826603,-0.009368177631689806,0.014030064693017317
24.524112701416016,6.822850227355957,6.261266834277574,-0.03396728812341543,0.046760151000838204,0.0041425301915842695
25.14998435974121,6.803586006164551,6.265385759446834,-0.03286180995492405,0.014168497568072374,0.010794886365888476
25.776744842529297,6.785084247589111,6.286755083037582,-0.0315051956956367,0.07223971139551613,0.0033429522405099494
26.405366897583008,6.766435623168945,6.299661562485978,-0.03064685887630425,0.04364890738422964,0.004647293966195816
27.03509521484375,6.74869441986084,6.302327809967306,-0.029588918133271136,0.009261862744828413,0.010199527092868282
27.66535758972168,6.732018947601318,6.313282221255914,-0.0282667918101005,0.03701739165318659,0.003950768821926543
28.296598434448242,6.715528964996338,6.320488293807851,-0.02732350015199536,0.024376823104010806,0.005668559197686033
28.92848014831543,6.699956893920898,6.322724029173828,-0.0261944530078555,0.0077032960960022835,0.009194228114954602
29.560792922973633,6.685057640075684,6.332030820104835,-0.02504796215857663,0.03149219521205991,0.001297651057786396
30.193939208984375,6.669478416442871,6.339210716220866,-0.02474023389461788,0.024347415729260382,-0.002784122197250556
30.827653884887695,6.653406143188477,6.3402968385322795,-0.024902020930840152,0.0036778631849893146,-4.6359005461279305e-05
31.457782745361328,6.638230323791504,6.185678263330969,-0.02458710213193882,-0.05934858232797971,0.008731980458047352
32.076602935791016,6.624846935272217,6.176387864868386,-0.023459786042508313,-0.0035644362694376075,0.0075659318731627285
32.69336700439453,6.612393856048584,6.143641836592051,-0.022178139767907723,-0.012574005232875737,0.008090157815354354
33.30651092529297,6.600892066955566,6.091892757586379,-0.020795293371883794,-0.01987200183835429,0.008710860561185101
33.90910339355469,6.592261791229248,5.811567249791876,-0.018347448855937643,-0.10728346690029249,0.033925789300849614
34.49203872680664,6.588069438934326,5.839529085582844,-0.014182797543271342,0.0942869050370602,0.02158840275748633
35.076393127441406,6.586969375610352,5.861427464646759,-0.009560348839221078,0.07767702839708812,0.044331765787910184
35.66304397583008,6.593080997467041,5.888865108915932,-0.002081659866060903,0.10016111559846975,0.06778398049924288
36.2531852722168,6.604198932647705,5.950355809393382,0.00616495160742403,0.2070714246445031,0.01993364560470712
36.849788665771484,6.612303256988525,6.028551395250494,0.009805759133671543,0.26585764767766246,-0.00601502513219795
37.453983306884766,6.615640640258789,6.0985972321283715,0.008952615478465376,0.24122619128929115,-0.03247887331715825
38.066165924072266,6.604746341705322,6.225517233260317,-0.00036045885354241136,0.5120233957061942,-0.1543096698244937
38.68849182128906,6.5766825675964355,6.266496384782194,-0.017860889324779805,0.13392864884260455,-0.0472469316924165
39.3166618347168,6.551177024841309,6.358048005048118,-0.027781164385324963,0.3076831688556415,-0.02427085811346179
39.953834533691406,6.5361223220825195,6.452436092061233,-0.027902205056869356,0.3959067635623387,0.11265580577738277
40.60148239135742,6.542802333831787,6.57301946554719,-0.013881327707874647,0.41645034556247157,0.09783992176841005
41.259273529052734,6.55897331237793,6.621336764019568,0.002002297665576691,0.16029207995274933,0.07287866865853126
41.92110824584961,6.57977294921875,6.629912556325305,0.015195331389719513,0.02577280355126485,0.052010115751238976
42.57896041870117,6.59893274307251,6.431310620148057,0.022508504901131765,-0.07513704931331165,-0.02088165336915526
43.223304748535156,6.608810901641846,6.4530102532407465,0.02103364628944604,0.07846583446506293,-0.037690312905588205
43.87051773071289,6.609570026397705,6.538902573756757,0.013845641349267801,0.30577350030058065,-0.07760122747856385
44.52680206298828,6.609831809997559,6.6652500818370655,0.007868442598693903,0.4801279051779658,0.06837810456650975
45.19584274291992,6.629960536956787,6.807861978316561,0.016058728215122997,0.498610212067803,0.08289039600668116
45.87898254394531,6.6646904945373535,6.9681053658547025,0.030353511682232437,0.5517750517780715,0.09334599690611858
46.57765197753906,6.7118425369262695,7.138586185460327,0.046866442021268995,0.5765753997536589,0.07979105137687849
47.291385650634766,6.761229038238525,7.236830925793236,0.058204584046172236,0.34678428572581127,-0.017809161445496637
48.015106201171875,6.795703411102295,7.29621662867419,0.05524181733345923,0.24002265715904234,-0.08825454717671712
48.74589920043945,6.80794095993042,7.366700662993843,0.03909933270205279,0.2809080525190631,-0.13314318393353733
49.4837760925293,6.790382385253906,7.453135934087458,0.010947988925206431,0.3930260486416868,-0.21032307275912263
50.228946685791016,6.734560966491699,7.557245347112825,-0.02923045665054591,0.4070981625401508,-0.22397308688359477
50.976104736328125,6.637429237365723,7.490247162820997,-0.07739705391599205,0.38004627619546033,-0.5604292331652305
51.70854187011719,6.483053684234619,7.472901026471856,-0.1393589587861026,0.5943456376734515,-0.5753649305971422
52.423851013183594,6.26547384262085,7.503752106156001,-0.21374690698641352,0.6250433675562967,-0.5337245367158863
53.119850158691406,5.980768203735352,7.59415024924223,-0.29783701735399326,0.6784587958834837,-0.4965340456705322
53.79583740234375,5.628332138061523,7.740939254915647,-0.38770059464875395,0.6519866098820679,-0.4391804808756757
54.452049255371094,5.210633754730225,7.928165199596048,-0.47829987019465037,0.7708286929045224,-0.4228857917761617
55.08452606201172,4.726150035858154,8.131058917872613,-0.5694112716181685,1.0,-0.45683846351220136
55.685203552246094,4.172322750091553,8.334839195161578,-0.6629992796974058,1.0,-0.4478874008631247
56.248661041259766,3.551443099975586,8.57625358644477,-0.7577777207839098,1.0,-0.3992947244571751
56.78275680541992,2.8744425773620605,8.804267193328826,-0.843767730273151,0.6970572916012235,-0.2405383071488338
57.305809020996094,2.1690189838409424,8.748776241672736,-0.9012334202748811,0.17205184046336036,0.24025540690514044
57.84013748168945,1.4798955917358398,8.623946584238839,-0.9153668161799313,0.1390041067579857,0.42297322021642353
58.39937210083008,0.8247547149658203,8.574871264481711,-0.894268188759888,0.32909888637217316,0.38195908749731594
58.994964599609375,0.21045711636543274,8.504311507970927,-0.8479885742848179,0.2350769585851954,0.4623887847602609
59.62803649902344,-0.3548605144023895,8.435824978436237,-0.7854964340416721,0.2120580269197629,0.49360343921198585
60.289268493652344,-0.8815600275993347,8.496527623592558,-0.7229422421451277,0.13846410482263635,0.14393389302858273
60.95780563354492,-1.41005277633667,8.626569821027413,-0.6883360616762015,0.4933386129093237,-0.012567019831665594
61.62971878051758,-1.9503928422927856,8.634045823320761,-0.6773633053528574,0.03197794215983695,0.04473141014007347
62.31334686279297,-2.4713640213012695,8.481457731306856,-0.6615614390248723,-0.04788206804886011,0.1545666887019857
62.99709701538086,-2.9441161155700684,7.766849725845542,-0.6316193857310575,-0.2737147726939823,0.15707478935393987
63.629356384277344,-3.3596558570861816,6.850031113874677,-0.6041395580230748,-0.4560492430199489,0.04645071229310067
64.18863677978516,-3.7316393852233887,6.1110236647704514,-0.5875271586173234,-0.3183147935280316,0.016127401754372796
64.69427490234375,-4.065669059753418,5.7677987018641295,-0.5807363641537311,-0.13186010421203742,0.004070417589988384
65.17426300048828,-4.380057334899902,5.585930402987994,-0.578561759965627,-0.06985473383342254,0.004087594929385058
65.6422119140625,-4.684957981109619,5.552282687946257,-0.5777257936994502,-0.012923618276090464,-9.960753944785994e-05
66.10743713378906,-4.988965034484863,5.5684205036925665,-0.5779859845379516,0.05521623897358081,-0.01225288084992712
66.57278442382812,-5.29496955871582,5.575333612442706,-0.579232210770054,0.02335877249808432,-0.006632606749463926
67.03826904296875,-5.604550361633301,5.64019113053189,-0.5818326544164627,0.2260534923617324,-0.04608665882174266
67.50517272949219,-5.923323631286621,5.70676570645707,-0.5879053274921153,0.22723589670935154,-0.048377709835654224
67.97469329833984,-6.250308513641357,5.7797923875283646,-0.5953974654287801,0.2487660715188372,-0.05341875278115679
68.44694519042969,-6.586960792541504,5.875567372932482,-0.604391093588033,0.3291246653174662,-0.07011328103446013
68.92051696777344,-6.942134380340576,6.084639633614792,-0.6189786916169968,0.7687866451180254,-0.16166945950048342
69.39544677734375,-7.330506801605225,6.33814494193737,-0.6446363845071463,0.9094644356283358,-0.1984735553775625
69.87389373779297,-7.753449440002441,6.581600032505925,-0.6769433248489527,0.8379771854484973,-0.18812619129215893
70.35857391357422,-8.203319549560547,6.75018772310799,-0.7082048413048474,0.5530786016220867,-0.1260324463315475
70.84944915771484,-8.670705795288086,6.892303197161279,-0.7330127194911533,0.47300063941576703,-0.10416628416967479
71.34127044677734,-9.159093856811523,7.0814519214970195,-0.7562733010841232,0.6692049661649113,-0.145622962508797
71.82996368408203,-9.676985740661621,7.278544681209604,-0.7837541940565425,0.6848607907790373,-0.15004837794678844
72.31634521484375,-10.223231315612793,7.459312917771023,-0.8125751896894888,0.6130615591548418,-0.13256617879848195
72.80377197265625,-10.790481567382812,7.570071070842758,-0.8373452509883155,0.36229829291292015,-0.07104665274406376
73.29759216308594,-11.36281967163086,7.5474269216118355,-0.8502314885548827,-0.006857725106654906,0.021089281651255433
73.79576110839844,-11.921845436096191,7.297913897746775,-0.8491249451219538,-0.09457109933310828,0.04833682591657285
74.2819595336914,-12.4487886428833,6.726087750064681,-0.8399042824797736,-0.21748056162053334,0.08698388146806918
74.74342346191406,-12.92915153503418,6.361066642381286,-0.8256915243742382,-0.13969952744601016,0.08631890090401509
75.18714904785156,-13.376641273498535,6.054118651304166,-0.8106782200450251,-0.11762229349780894,0.0879473974346062
75.61860656738281,-13.8001127243042,5.966668228756098,-0.79636106602476,-0.03380821037323776,0.07365239363138087
76.04751586914062,-14.212506294250488,5.8826669963298635,-0.7836681739533322,-0.0323028835923246,0.07036590783124186
76.47210693359375,-14.610618591308594,5.609885416954906,-0.7714178992550771,-0.10431855985059289,0.0830397503696022
76.88323211669922,-14.984424591064453,5.343029518329779,-0.7586823966062095,-0.10226022991767324,0.08553329755215863
77.28117370605469,-15.33664321899414,5.179036892514075,-0.7462275911362362,-0.06301972089016032,0.0798096131946702
77.67129516601562,-15.674531936645508,5.076554043468692,-0.7346494982971166,-0.03942469856914634,0.07469216716437423
78.05764770507812,-16.002941131591797,5.0347606825000435,-0.7240021802589798,-0.016132189546848814,0.06852369952725014
78.44195556640625,-16.323549270629883,4.903091420097296,-0.7140014777335137,-0.05046863552189064,0.07221486560638676
78.82058715820312,-16.63303565979004,4.827225200864162,-0.7042718850070182,-0.029160776009953565,0.06767567931528601
79.19590759277344,-16.934518814086914,4.759969655649977,-0.6950813160851546,-0.02583857526457141,0.06536670764107778
79.56864929199219,-17.228988647460938,4.708436482189417,-0.6863607950956911,-0.019805304392482598,0.06257495010909173
79.94038391113281,-17.518550872802734,4.71486813554844,-0.6782866233027889,0.020888033341797303,0.05338855217966645
80.31488800048828,-17.80503273010254,4.717813215110513,-0.6701464051148527,0.015550321014021587,0.07894578598201203
80.69377136230469,-18.08666229248047,4.731835062795685,-0.6603564917896669,0.04928273303387327,0.07915847879488387
81.07833862304688,-18.363996505737305,4.775388708686009,-0.6491855962812201,0.15645162747378205,0.10598444009599849
81.4714126586914,-18.63741683959961,4.8361729306017525,-0.6360403662986434,0.2069779200774803,0.09944739164832135
81.87309265136719,-18.909502029418945,4.910404100803653,-0.6227629103679444,0.2514847073963798,0.09528604990117749
82.28585815429688,-19.17812156677246,4.986345255786894,-0.6077758381754688,0.2826414706161888,0.149665947754162
82.7120590209961,-19.44035530090332,5.073446823456691,-0.5891500889856189,0.2953703097239634,0.1302861583249293
83.14916229248047,-19.701766967773438,5.169061796445988,-0.5718111792344942,0.31692046549199687,0.09403521095040543
83.59630584716797,-19.964637756347656,5.258867203557143,-0.5572516775550307,0.302746754012312,0.09145714684382023
84.05585479736328,-20.224334716796875,5.358668957759138,-0.54188217543002,0.35873641767732956,0.1364092037910307
84.53006744384766,-20.47885513305664,5.4725633853397735,-0.5240451213969965,0.38136818465553446,0.10271608744375245
85.01860809326172,-20.72966766357422,5.57463677737573,-0.5058602585256082,0.3707434749757295,0.15183058220535625
85.52326202392578,-20.972328186035156,5.69630908768912,-0.48446202548293016,0.4119572398557264,0.13137906874756441
86.04464721679688,-21.2066593170166,5.805721020848401,-0.4610588316135864,0.4139474636015505,0.19043689829394286
86.5848159790039,-21.42548370361328,5.9205663464378,-0.43201373097491036,0.40931655229327346,0.19497778624058323
87.14234924316406,-21.63135528564453,6.034584160111532,-0.4012126750714895,0.3884081905654569,0.17898872695017762
87.71593475341797,-21.825471878051758,6.141074637074365,-0.37082374334675894,0.3685184689946729,0.17905257256085988
88.30430603027344,-22.009000778198242,6.2495414668742475,-0.342075185695462,0.3546910903589558,0.13398754154434184
88.90666198730469,-22.18291473388672,6.35358618956839,-0.31591482114955927,0.37268282641069866,0.1644477394021951
89.52411651611328,-22.341398239135742,6.459597072217683,-0.2880781298555064,0.36379359088265073,0.153405374659368
90.15562438964844,-22.48660659790039,6.561716208742607,-0.26088405933248904,0.34642168177156707,0.14141829803565392
90.80070495605469,-22.621734619140625,6.698522027986371,-0.2363014845744038,0.4536022702400775,0.10385468328701306
91.46082305908203,-22.749608993530273,6.827105904762148,-0.21536530998085457,0.4371830221070815,0.10624895625797778
92.13587951660156,-22.869094848632812,6.965726515897506,-0.19625246862762857,0.4639581622356742,0.07858069003898795
92.82648468017578,-22.974163055419922,7.084218434069531,-0.17529592085174084,0.4843796717771533,0.17787942906624213
93.53348541259766,-23.05251693725586,7.227181033134695,-0.14542191132377624,0.4901989468181998,0.1501178531165088
94.25641632080078,-23.1124267578125,7.3633866850256045,-0.11548904593572207,0.46657065662286645,0.14430298191727822
94.99358367919922,-23.145044326782227,7.470347705195915,-0.08135331287335923,0.5074973891398307,0.24624151881733988
95.74327850341797,-23.143573760986328,7.598689746090123,-0.0405687318335044,0.4052217237465013,0.13769335254995088
96.5052261352539,-23.127004623413086,7.712705230330151,-0.008229167768345036,0.3854535362382112,0.13667186041976445
97.27761840820312,-23.088001251220703,7.821717583312667,0.022586136046907512,0.38906753546629286,0.15102533434940585
98.05921173095703,-23.02301788330078,7.929265724655864,0.05436776786369535,0.3723219211973868,0.14201647952537966
98.8485107421875,-22.931074142456055,8.022073802749496,0.08698403436611368,0.3459297658619676,0.16424886703946717
99.64329528808594,-22.80901336669922,8.1173933599351,0.12182137721765862,0.3324915445769272,0.15217358803380926
100.44239044189453,-22.65922737121582,8.187259925103056,0.15620571636778013,0.24964032056412494,0.1511623188373693
101.2433090209961,-22.482873916625977,8.256106561834997,0.18951520370194608,0.23402426854619468,0.13274979613483134
102.04569244384766,-22.284643173217773,8.303513217941113,0.21922502934870636,0.1546848306824842,0.10669074967281389
102.84811401367188,-22.06806182861328,8.343800777424965,0.24468871095344458,0.1369563790065463,0.09856693367596558
103.6494140625,-21.832658767700195,8.38350396288725,0.2681664733333111,0.14007546797470422,0.09865694291477685
104.44895935058594,-21.578433990478516,8.416943684135566,0.2907414241036399,0.11544393499738209,0.09042689280404387
105.24459838867188,-21.301984786987305,8.454150573320321,0.3150374427284328,0.17171130501791526,0.13990448103768902
106.03369903564453,-20.996429443359375,8.4948929011266,0.34499693972738843,0.15076292863307955,0.1310929557460392
106.81733703613281,-20.668222427368164,8.504727671506885,0.3741526947093581,0.02934364823216859,0.10526411789373145
107.59418487548828,-20.32172393798828,8.512561391061093,0.4002703155197649,0.033625321387342234,0.10798170101855484
108.36189270019531,-19.95718765258789,8.455497033782002,0.42509350688233916,-0.021830386221157617,0.0950780597122551
109.10929107666016,-19.586999893188477,7.966197082491308,0.44549278820012805,-0.18883283346473645,0.05274788458403853
109.81327819824219,-19.22740936279297,7.631193707114012,0.4606934459120282,-0.12770616177054428,0.07780977572980084
110.48112487792969,-18.866525650024414,7.412522670343862,0.4783735731778185,-0.08139789200439106,0.11036180087116987
111.12052917480469,-18.49601936340332,7.285897742235695,0.5009134368007864,-0.04587211832102541,0.13356365633488346
111.73817443847656,-18.11208724975586,7.211440143722948,0.5271274640426533,-0.026881363604255262,0.14042213360189354
112.33879852294922,-17.714982986450195,7.153153279876151,0.5543781933178629,-0.02189593628021645,0.1324912353427313
112.92565155029297,-17.30708885192871,7.116654821506574,0.5801093228750718,-0.01429211732033596,0.11503768673065794
113.50257873535156,-16.89005470275879,7.1181395821699525,0.602696124712252,0.0006970887061720192,0.09507883622503986
114.072509765625,-16.464984893798828,7.08298715861494,0.6216863940763071,-0.013909516906533515,0.07831510907911221
114.63436889648438,-16.03514862060547,7.040203171728365,0.6373705486841104,-0.016720094898862965,0.06460946331880568
115.18839263916016,-15.602204322814941,6.995445261886281,0.6503370805575432,-0.017352716671302455,0.05497914409153447
115.73563385009766,-15.166296005249023,6.991390327700498,0.6613606366786806,-0.0016100488797802933,0.04952765245583217
116.27865600585938,-14.725440979003906,7.003793862114881,0.6713538823530945,0.042670249773154555,0.04958116768555657
116.81704711914062,-14.279150009155273,6.961616188840875,0.6812515871234011,-0.01599644959016253,0.05328094337775369
117.34827423095703,-13.828834533691406,6.965011633305771,0.6915098173262768,0.013110171076968253,0.05478229759555382
117.87389373779297,-13.373085021972656,6.932043822358693,0.7021437529799357,-0.012438800785429105,0.057621973013034386
118.3917007446289,-12.913694381713867,6.88507678036724,0.7130920082212517,-0.017892161694592543,0.057361575138997915
118.90216064453125,-12.451030731201172,6.894988824354115,0.7239053743533548,0.03398547045829267,0.053968198432556694
119.40766143798828,-11.983769416809082,6.8499084650781406,0.7343000249830709,-0.01724649025992304,0.05250972052635355
119.90664672851562,-11.51399040222168,6.856338113678895,0.7441388738932861,0.021553851100441727,0.04681310828617665
120.40047454833984,-11.041678428649902,6.761326055509415,0.7530988796437761,-0.03651352866018891,0.04272312449452247
120.88593292236328,-10.571903228759766,6.720793668683194,0.7606491410712328,-0.01570183195133942,0.027067518881748458
121.3685302734375,-10.103677749633789,6.727833792333134,0.7655078787430005,0.023502378387283734,0.007978851726008694
121.85314178466797,-9.636569023132324,6.741705732473752,0.7668980488320223,0.048708622402563496,-0.014045797344482832
122.34407043457031,-9.17403507232666,6.761012710749857,0.7628892590221525,0.08329852332237521,-0.06763235255832485
122.84852600097656,-8.723694801330566,6.7789539520545885,0.7491718488793726,0.11532665567743006,-0.14081841378479884
123.37068939208984,-8.289679527282715,6.831841330598794,0.7256299708962635,0.20193432097569214,-0.14986473404033285
123.90917205810547,-7.8658552169799805,6.927418201983189,0.6995044271816129,0.32127558738445794,-0.1253004335508816
124.46186828613281,-7.44332218170166,7.065789970561211,0.6772912002663443,0.45762768902125506,-0.0708616075722579
125.0250244140625,-7.011326313018799,7.223323049416722,0.6647193488664609,0.5392256872165812,0.004584618016316357
125.5892333984375,-6.557897567749023,7.337139475779839,0.6676176005017673,0.6099196290167435,0.1818493878384657
126.13855743408203,-6.066817760467529,7.4999537563335235,0.6937284968304223,0.6155687613297833,0.18782347813562844
126.679443359375,-5.542521953582764,7.6674257402239565,0.7292890210759779,0.5872674282880234,0.18017310105796858
127.21355438232422,-4.987851619720459,7.8326590118568316,0.7666991106985934,0.5716853297747598,0.17302252337525162
127.74055480957031,-4.403852462768555,7.999438683132885,0.8033151788422019,0.5657974212711868,0.1533155727596147
128.26239013671875,-3.793630599975586,8.149287637985088,0.8361004894948127,0.496701348751804,0.11656186353055424
128.7881317138672,-3.1709563732147217,8.186710627262826,0.8566131548960119,0.19742062080897715,-0.05375528466276681
129.336669921875,-2.5647926330566406,8.158397199583927,0.8496159654479376,0.10970894569811661,-0.20315528236541847
129.9171600341797,-1.9917937517166138,8.161117814001647,0.8165893058215383,0.10235861460908777,-0.21253989684547195
130.52366638183594,-1.4444148540496826,8.198959698708483,0.7746583005114314,0.12494820904641561,-0.1689191149226184
131.1497802734375,-0.9141297936439514,8.229336828753322,0.7357003816632615,0.10805208938425699,-0.15945838753283667
131.79806518554688,-0.4057996869087219,8.277638859271352,0.696860241114301,0.2130347808382747,-0.19110076220106959
132.47511291503906,0.07251042872667313,8.346178176553956,0.6524547596773465,0.30913173700087593,-0.22523899299866665
133.18450927734375,0.5164759755134583,8.459442197557074,0.6017150161666667,0.4452884873924968,-0.23645015991731294
133.92636108398438,0.9283990859985352,8.587197056664792,0.5489842268460157,0.4442815887863679,-0.20958814467360712
134.6937713623047,1.3181201219558716,8.686480681200244,0.5029115399876449,0.3039421818560674,-0.1302097241524838
135.47366333007812,1.7049859762191772,8.795000278717215,0.4752414959988034,0.4123465167848199,0.019713387994650274
136.25823974609375,2.1096031665802,8.95192432339436,0.47153144628421373,0.5377487479085373,0.029442127472156892
137.05667114257812,2.5199995040893555,9.088713773906878,0.47170108964565216,0.48217517016876205,-0.04275601353992881
137.86737060546875,2.9344162940979004,9.195522233672726,0.47132072366296107,0.44890013188646183,0.09365473383915329
138.67987060546875,3.3630518913269043,9.187304063218313,0.4791309096128096,0.33180278480533043,-0.22722900074335836
139.51165771484375,3.7567849159240723,9.26297576754248,0.4602941714855975,0.3388826964043428,-0.1481528136626441
140.36302185058594,4.112692832946777,9.140492038423337,0.4246347773845729,0.4651490300487199,-0.6668654057327198
141.22476196289062,4.411105632781982,9.044322038272398,0.37395202552121987,0.44798937532457034,-0.6295328965338319
142.0963897705078,4.645664215087891,8.966167187989413,0.3111361780475761,0.20462488323417702,-0.4974826306032657
142.97662353515625,4.810249328613281,8.91888493025688,0.23890578980439248,0.42674216341331633,-0.5526171064332053
143.863037109375,4.9010210037231445,8.888791950306029,0.16008567575991695,0.24492375664247026,-0.44458972486301485
144.7514190673828,4.915181636810303,8.88001242489916,0.07567292342627496,0.3965914105625838,-0.4724849597241972
145.63909912109375,4.85378360748291,8.959782030453148,-0.011531221203934017,0.38253881690859065,-0.3359214631979189
146.53094482421875,4.736128330230713,9.119993669641154,-0.08831015543091869,0.4739177140100604,-0.16777548631862
147.4344940185547,4.591129302978516,9.269568633486129,-0.137186884601034,0.4702452731113737,-0.11203153102421637
148.34986877441406,4.4226789474487305,9.449628520020571,-0.16890779634496766,0.5965764540678932,-0.07759255108093183
149.2796630859375,4.235642433166504,9.621933636971502,-0.19029364568857687,0.5767264970856958,-0.049302095414027094
150.223876953125,4.036643981933594,9.765295320325862,-0.20335924715455977,0.4824328105473136,-0.016125769193009856
151.18223571777344,3.835519313812256,9.902867098060492,-0.20729220345238897,0.47283142228487135,0.024308076483832892
152.1564178466797,3.643925905227661,10.036684462567388,-0.2005445521984548,0.47688032508497336,0.06691218048391828
153.14817810058594,3.473449945449829,10.175403430301811,-0.18254531165504506,0.5085160893073445,0.10409348617282989
154.1584930419922,3.33333683013916,10.307022886003768,-0.15454776543115134,0.4882831693489613,0.12844778988777864
155.1863250732422,3.2292306423187256,10.4328131747825,-0.11962307089585167,0.4602254909339767,0.13699889505439017
156.23007202148438,3.162721633911133,10.563573430075,-0.08178660918271508,0.4625898816689556,0.13069631707304455
157.28858947753906,3.131758213043213,10.693950521297513,-0.04502167033417148,0.44762638399810933,0.11292089211029667
158.36056518554688,3.131768226623535,10.82231527728408,-0.012509932904538168,0.4328356197301305,0.08951384113313832
159.44500732421875,3.156836986541748,10.947039721587952,0.014008626807980207,0.41838328937861763,0.06645195519822368
160.54122924804688,3.2013626098632812,11.067321078643321,0.0344056444388432,0.404420937403845,0.048704165447596384
161.64862060546875,3.261533737182617,11.183078088724033,0.049955708885761396,0.39102712257436273,0.039145892200491764
162.76669311523438,3.3356544971466064,11.29451143808848,0.0626069224861272,0.3777666427254827,0.03544924026558361
163.89479064941406,3.4240105152130127,11.401514642811422,0.07440579137961478,0.36563000537385737,0.04044584272424642
165.0322265625,3.5281829833984375,11.504899781962083,0.08698589857887651,0.3533872122093835,0.04241925538586131
166.17845153808594,3.647679567337036,11.603390854614698,0.09971727332805536,0.33423265155262355,0.036448086994889564
167.33302307128906,3.776215076446533,11.677069588424606,0.10880970476374863,0.24976915569693833,0.0004750459195573115
168.49356079101562,3.894211530685425,11.64622726739027,0.10522016308848592,0.2540099713597854,-0.2537740972034829
169.65512084960938,3.965590000152588,11.613697859162551,0.07633258842828727,0.2432554415017807,-0.2853069979937433
170.8182373046875,3.9821975231170654,11.688424483026651,0.03243969892214604,0.27207737743325067,-0.13444181296655405
