5.0,7.0,0.0,0.0,0.0,0
5.007097244262695,7.0,0.2957073450088504,0.0,1.0,0.0
5.0405802726745605,6.995954990386963,0.5410943982086646,-0.0023196133094591787,1.0,-0.7788337673369314
5.099354267120361,6.985615253448486,0.8298795596471085,-0.009150222031348854,1.0,-0.12144370549725624
5.182219505310059,6.98793888092041,0.9685596175169512,-0.008035156482932848,1.0,0.7789584426021402
5.279964447021484,7.015880584716797,1.2155151799146573,0.008467121211743311,1.0,0.7810889527345887
5.401867866516113,7.053158283233643,1.5107048048086842,0.03069213261483661,1.0,0.4565059495792676
5.547055721282959,7.080103874206543,1.4618782311822582,0.046247922858098534,1.0,-0.7794702145772933
5.693919658660889,7.069533824920654,1.5833557020905717,0.038347256010214714,1.0,-0.7809056877499599
5.850879669189453,7.02616548538208,1.817599886730136,0.010758505013647834,1.0,-0.7797367031580115
6.026946544647217,6.963901996612549,2.068959335655278,-0.026785008979580915,1.0,-0.7807907105815745
6.2182111740112305,6.899112224578857,1.936099926843944,-0.06462160385077276,1.0,0.7793636159822768
6.4076008796691895,6.869741916656494,1.8766702717811696,-0.0793878999888804,1.0,0.7812099746406614
6.595582008361816,6.882940769195557,1.9788893657512736,-0.06699634459479675,1.0,0.7794942399563761
6.791497230529785,6.932610511779785,2.201610189586979,-0.03244249524129117,1.0,0.7811577337756441
7.005235195159912,7.003091335296631,2.448529164618143,0.013260012225559059,1.0,0.7795377888234812
7.2331037521362305,7.078114986419678,2.309434568513008,0.05919954102942615,1.0,-0.7814003236016345
7.457998275756836,7.119112968444824,2.2195287399881467,0.08138154238091388,1.0,-0.7793185064388212
7.679379940032959,7.1186957359313965,2.2415832921207004,0.07578584145649359,1.0,-0.7812313818637134
7.902464866638184,7.076081275939941,2.4185627964351224,0.04385134419313541,1.0,-0.7794746276725013
8.138138771057129,7.004126071929932,2.652536742372068,-0.004171975005663242,1.0,-0.7811671547456419
8.39142894744873,6.910219192504883,2.8981635724674817,-0.06075029973217916,1.0,-0.7795305300279963
8.65737533569336,6.808009147644043,2.7564403387661347,-0.11641569283701525,1.0,0.781349094348712
8.921296119689941,6.737959384918213,2.646059324526535,-0.14671447655884684,1.0,0.7793683761083859
9.182791709899902,6.707865238189697,2.613061848407095,-0.1481730898878837,1.0,0.7812121788344261
9.444877624511719,6.7204484939575195,2.710643517738566,-0.12180859404442579,1.0,0.7794922125494201
9.714983940124512,6.770466327667236,2.908058616130754,-0.07388620865093998,1.0,0.781160006722029
9.999860763549805,6.848355293273926,3.1391160380379053,-0.014134194853377302,1.0,0.7795364557591398
10.30074405670166,6.936018943786621,3.1946127352950326,0.04496467868684295,1.0,-0.17229086550747266
10.61228084564209,6.9909868240356445,3.091857808830148,0.07634563791762883,1.0,-0.7788542873061512
10.919452667236328,7.008065223693848,3.041655819730773,0.07936459732934242,1.0,-0.7814018112279396
11.222846984863281,6.9834089279174805,3.0882674349973898,0.05466710717021961,1.0,-0.7793172649343237
11.52706527709961,6.916488170623779,3.2452642725239103,0.0058610849270461784,1.0,-0.7812320231131216
11.839293479919434,6.814358234405518,3.452261974574638,-0.057424810478996946,1.0,-0.7794742311040628
12.160141944885254,6.697310924530029,3.357867640356981,-0.12077728491229323,1.0,0.6305529322212642
12.481729507446289,6.610715389251709,3.241451778972814,-0.15663288740662917,1.0,0.78240481934859
12.8004150390625,6.562134742736816,3.1791829668262075,-0.1630088945304422,1.0,0.781190050201162
13.118163108825684,6.55472469329834,3.204557558281186,-0.1413986738649946,1.0,0.7795114209432141
13.438758850097656,6.589478969573975,3.3358794776326044,-0.0950932267273501,1.0,0.7811513330619999
13.768167495727539,6.661951541900635,3.531356732086751,-0.03213396802900448,1.0,0.7795435829726858
14.109790802001953,6.766534328460693,3.7433973219058934,0.039670580755874596,1.0,0.781117702137385
14.459270477294922,6.88746976852417,3.60801231876248,0.10946670660467106,1.0,-0.7794332100054395
14.80510425567627,6.980499267578125,3.4844207668046048,0.15089936789579728,1.0,-0.7811846750237719
15.146955490112305,7.036788463592529,3.409050718868991,0.16155121330778677,1.0,-0.7795154870461564
15.487009048461914,7.052656173706055,3.4102664758262367,0.14363506339038778,1.0,-0.7811494292313526
15.828250885009766,7.026614665985107,3.5043925933370206,0.10061915283120992,1.0,-0.7795453712352219
16.175249099731445,6.958568096160889,3.678649446586404,0.038126213639738005,1.0,-0.7811361275878672
16.532228469848633,6.854642391204834,3.881820135836832,-0.03492642559000814,1.0,-0.77955639863631
16.89922523498535,6.716217994689941,4.088985326059085,-0.11413802431472497,1.0,-0.7811307670520955
17.273235321044922,6.541182994842529,4.295003793250966,-0.19784184316618791,1.0,-0.7795603941819698
17.649845123291016,6.326704025268555,4.495051971066385,-0.2852515838325509,1.0,-0.7811287886514006
18.02358055114746,6.070152759552002,4.690912322666899,-0.3760684396395062,1.0,-0.7795620980677598
18.388442993164062,5.769552230834961,4.880390700777951,-0.47007869190957585,1.0,-0.7811298154419999
18.743614196777344,5.440669536590576,4.758821159407753,-0.5581845828848859,1.0,0.7794395332688961
19.10260581970215,5.132216930389404,4.633367135943263,-0.6119789721658861,1.0,0.7811806661226589
19.47060203552246,4.8544464111328125,4.536045201371409,-0.6313416180293618,1.0,0.7795182646972074
19.852344512939453,4.611673355102539,4.491796767676906,-0.6205226592589703,1.0,0.7811476665728094
20.251216888427734,4.405728816986084,4.495690216900104,-0.5844886249715984,1.0,0.7795459149756735
20.6701717376709,4.240822792053223,4.551736217566675,-0.5273065616259611,1.0,0.7811353631881552
21.1114559173584,4.121471881866455,4.674728440571672,-0.45234696589766443,1.0,0.7795561406474009
21.57624053955078,4.0484089851379395,4.839865634640898,-0.3648858262222632,1.0,0.7811292092722488
22.060401916503906,4.000807285308838,5.001714159145265,-0.28038665431124876,1.0,0.051693094027665906
22.55194091796875,3.9282829761505127,4.893971374684371,-0.23080338850393467,1.0,-0.7788650328036127
23.028955459594727,3.8288934230804443,4.800445658895498,-0.21411335795240838,1.0,-0.7811137829388964
23.490711212158203,3.694582939147949,4.8457220272357455,-0.2276106578310939,1.0,-0.569887542751769
23.947294235229492,3.5381453037261963,4.796271843855974,-0.2559556134191885,1.0,0.6310465161206252
24.408849716186523,3.4150686264038086,4.718753221562488,-0.259835839127434,1.0,0.7819979110724188
24.872478485107422,3.3339483737945557,4.678692823524204,-0.2384280187048322,1.0,0.7814773846113535
25.338911056518555,3.298867702484131,4.6919307133335755,-0.19408745181944909,1.0,0.7817416351720478
25.808818817138672,3.3120951652526855,4.75873366667473,-0.13019355673654065,1.0,0.7789470279368035
26.27878761291504,3.357847213745117,4.637071446364832,-0.060999704768264884,1.0,-0.7811116994113197
26.739530563354492,3.3808064460754395,4.5232193606796995,-0.022381338959080566,1.0,-0.7795723848441672
27.189727783203125,3.3701813220977783,4.441886399095419,-0.015076288088993195,1.0,-0.7811204002848295
27.630292892456055,3.3206729888916016,4.416519883964402,-0.03563935381382155,1.0,-0.7795662141482972
28.06249237060547,3.229306697845459,4.441402071139936,-0.07986740214314914,1.0,-0.7811264835120629
28.485923767089844,3.0912623405456543,4.528495747305927,-0.14411350028022074,1.0,-0.7795594973937102
28.901809692382812,2.9222095012664795,4.402558830851529,-0.21410803163022862,1.0,0.7813786186305024
29.315244674682617,2.7782022953033447,4.286023972905905,-0.2538334735045584,1.0,0.7793403052951082
29.727828979492188,2.669820547103882,4.204905161530895,-0.26234506950650704,1.0,0.7812234303912559
30.141921997070312,2.6014444828033447,4.183749220362535,-0.24282503082260742,1.0,0.7794825233007951
30.55972671508789,2.575212240219116,4.218336817224636,-0.19928221384175693,1.0,0.7811639399371977
30.982666015625,2.5957157611846924,4.326378357603083,-0.13520988696581338,1.0,0.7795334205403326
31.41282844543457,2.6644952297210693,4.491123197279941,-0.05575833742688019,1.0,0.7811420980908821
31.8509578704834,2.7782163619995117,4.676037961408685,0.03192424409316175,1.0,0.779551134878965
32.29461669921875,2.9368720054626465,4.862116461199586,0.1245238199338159,1.0,0.7811335115722255
32.73894119262695,3.1428909301757812,5.046807423365919,0.22086886553155782,1.0,0.7795581524374906
33.17970657348633,3.38063383102417,4.927436588138132,0.31114083857948316,1.0,-0.7814098526921648
33.618690490722656,3.598767042160034,4.802668194836234,0.36625828629003543,1.0,-0.7793078169797284
34.05862045288086,3.785569667816162,4.7028562835235865,0.38635183671468365,1.0,-0.7812363247803084
34.503108978271484,3.93534517288208,4.655767424723316,0.37601637484019523,1.0,-0.7794712249578528
34.95510482788086,4.045284271240234,4.652745654148915,0.34045491848825815,1.0,-0.7811688244710858
35.41630935668945,4.1103997230529785,4.698425304945287,0.2839241311872005,1.0,-0.7795295131586348
35.88745880126953,4.125565052032471,4.801505238958923,0.20981767911411087,1.0,-0.7811436132654908
36.36887741088867,4.087408542633057,4.956606090369906,0.12205400433887625,1.0,-0.7795507253680184
36.85962677001953,3.997701406478882,5.128516312769127,0.026650785660640608,1.0,-0.7811338864523559
37.35597610473633,3.856020450592041,5.3038376446722415,-0.07333333640864037,1.0,-0.7795560204986538
37.85184860229492,3.6785459518432617,5.189694881405726,-0.16710164049367648,1.0,0.7812713372175046
38.3427734375,3.518130302429199,5.066143459546918,-0.22453177729485319,1.0,0.7793053082514975
38.8298454284668,3.387573003768921,4.963744310879376,-0.24609539264122482,1.0,0.7812370505187013
39.315914154052734,3.2937355041503906,4.91129889149178,-0.23679643306299525,1.0,0.7794702301537971
39.803565979003906,3.240234851837158,4.899336427364636,-0.2021943804937587,1.0,0.7811693208590929
40.29368591308594,3.232525110244751,4.930049174722554,-0.1468249977440852,1.0,0.7795288906136788
40.78587341308594,3.2759153842926025,5.006513902442361,-0.0742408085500843,1.0,0.7811435961034666
41.27878189086914,3.3752448558807373,5.136683299603466,0.012554141378633865,1.0,0.7795495157126809
41.76985549926758,3.5124716758728027,5.018349751317134,0.09902631618323365,1.0,-0.7813617101684062
42.25498962402344,3.630807876586914,4.896912479054196,0.15107473705357854,1.0,-0.7793361264883443
42.73456954956055,3.7179391384124756,4.799892255781961,0.16887517262161467,1.0,-0.7812163028824307
43.21076583862305,3.7675893306732178,4.7540040952704326,0.1568151807832443,1.0,-0.7794832840650883
43.68568420410156,3.7763192653656006,4.750537703458017,0.11993079915981042,1.0,-0.7811630479548651
44.15972137451172,3.7388248443603516,4.793648598973797,0.06243794491496235,1.0,-0.7795339366172106
44.63224792480469,3.649977445602417,4.889962710598741,-0.012268650509777324,1.0,-0.7811409157305121
45.1022834777832,3.5058557987213135,5.039252499817618,-0.10068226974904526,1.0,-0.7795256155669245
45.569087982177734,3.326443672180176,4.920611910612199,-0.18743261172950376,1.0,0.7814602262176895
46.03187942504883,3.166775941848755,4.798115378900616,-0.24008184174177138,1.0,0.7792585549778922
46.491966247558594,3.0388503074645996,4.700641260975638,-0.2585303575610771,1.0,0.7812552205799442
46.952049255371094,2.948554277420044,4.655466911106947,-0.24701258532064774,1.0,0.7794531945692719
47.41457748413086,2.898991823196411,4.654256821747357,-0.2105053073075691,1.0,0.7811757784314278
47.880531311035156,2.8953115940093994,4.702110714458392,-0.1531755716794878,1.0,0.779522325881633
48.3499641418457,2.942654848098755,4.807810919104619,-0.07838761668344674,1.0,0.7811458282892038
48.822776794433594,3.0441834926605225,4.9641983912159935,0.009815745987760138,1.0,0.7795467714456787
49.29816818237305,3.197979211807251,5.136385343121842,0.10545984758659266,1.0,0.781134230191221
49.77616882324219,3.3852078914642334,5.173725620566231,0.19566311107839418,1.0,-0.2858291120524033
50.262306213378906,3.5535271167755127,5.058919358928205,0.24890569338153057,1.0,-0.7790553265757679
50.74663162231445,3.69171142578125,4.961111537517148,0.26752678203947333,1.0,-0.7810542794941528
51.23104476928711,3.79266357421875,4.910906516547842,0.2558626690971444,1.0,-0.7796246388499771
51.71797180175781,3.8525426387786865,4.902193096948502,0.21919546826060632,1.0,-0.7808432674063268
52.20832443237305,3.866041660308838,4.9369095355691615,0.16202272597878586,1.0,-0.7797825899043651
52.70174026489258,3.8279953002929688,5.018532297627751,0.08790775179020738,1.0,-0.7807729151046593
53.196964263916016,3.7336978912353516,5.152785795107057,-9.507485091564405e-05,1.0,-0.7798309893876851
53.69259262084961,3.5823233127593994,5.3140784877457685,-0.09741497056568171,1.0,-0.7810028084921463
54.18526840209961,3.3748812675476074,5.482644514705869,-0.19993109304135537,1.0,-0.7796613617351945
54.6690559387207,3.110415458679199,5.648530130561308,-0.3060051987333745,1.0,-0.7810827599539975
55.136329650878906,2.787694215774536,5.811793620849309,-0.4150469979861242,1.0,-0.7795993850534427
55.58584213256836,2.4248132705688477,5.704068619979524,-0.516243657299718,1.0,0.7814057523048566
56.03410339355469,2.076028347015381,5.581924675440961,-0.5778271269789279,1.0,0.7793088992962843
56.48748016357422,1.7545015811920166,5.476260964196816,-0.6016349881759098,1.0,0.7812343195816256
56.95173645019531,1.466792106628418,5.416212930275443,-0.5937814592793202,1.0,0.7794704926143244
57.43101501464844,1.2161837816238403,5.390846581649702,-0.5605699762732694,1.0,0.7811639412126129
57.928184509277344,1.0081055164337158,5.400015868033569,-0.5070319162471879,1.0,0.7794680915129278
58.440738677978516,0.8260387182235718,5.603116362994798,-0.4486972367817659,1.0,0.026372084525253532
58.95598220825195,0.6141065359115601,5.513272173335282,-0.42272422561855016,1.0,-0.7788586304667294
59.45066452026367,0.37471359968185425,5.438474502062258,-0.42583453145565375,1.0,-0.7814001764335552
59.9200553894043,0.10199691355228424,5.403807391109555,-0.4547751030215448,1.0,-0.779318206616468
60.36228942871094,-0.20804734528064728,5.40545517959654,-0.5051281555419456,1.0,-0.7812317853140036
60.77394104003906,-0.5590101480484009,5.443182809951239,-0.5727392908743862,1.0,-0.7794745403391065
61.15066146850586,-0.9533331990242004,5.51391046879118,-0.6542534586775863,1.0,-0.7811394322094508
61.48735427856445,-1.3921396732330322,5.618625858910461,-0.746924007761292,1.0,-0.7795287759519407
61.778839111328125,-1.8751201629638672,5.7510231572412955,-0.8484397137734767,1.0,-0.7811424646712013
62.03483200073242,-2.38627028465271,5.6433380169161085,-0.9457228578651993,1.0,0.7794245840907674
62.29646682739258,-2.883553981781006,5.522270095785506,-1.004685510715663,1.0,0.7811814648892345
62.57475662231445,-3.357835054397583,5.41916070936842,-1.0267719045840167,1.0,0.7795178891372546
62.877445220947266,-3.805614471435547,5.360480362020383,-1.0176801389385952,1.0,0.7811483283120965
63.209407806396484,-4.225592613220215,5.338259956058717,-0.9834713021043093,1.0,0.7795461349085643
63.57540512084961,-4.614081382751465,5.3500214506774375,-0.9290346915264358,1.0,0.7811355800154356
63.97870635986328,-4.966514587402344,5.397389033716446,-0.8581788938798969,1.0,0.7795533375433464
64.40563201904297,-5.291126728057861,5.279942626996168,-0.7851595441637773,1.0,-0.7813650347490559
64.8122329711914,-5.624264240264893,5.166605601206499,-0.7454683239094546,1.0,-0.7793414579250323
65.18958282470703,-5.974168300628662,5.080420198708756,-0.7383190679631362,1.0,-0.7812218075687248
65.53406524658203,-6.346160411834717,5.042677624674217,-0.7591188887088736,1.0,-0.7794822207587832
65.84382629394531,-6.743691444396973,5.043822418432605,-0.8029510581421606,1.0,-0.781162906790696
66.11455535888672,-7.16982364654541,5.086171278736719,-0.8657206997708915,1.0,-0.779532638249544
66.34147644042969,-7.626436710357666,5.171347284633571,-0.9441183033084268,1.0,-0.781139710248494
66.54086303710938,-8.107259750366211,5.360064846905747,-1.0237830388926206,1.0,-0.07458048441761661
66.76671600341797,-8.590457916259766,5.288630367615514,-1.067885519176551,1.0,0.6872601651375163
67.01658630371094,-9.054147720336914,5.200640249171407,-1.0790399030862385,1.0,0.7814730660520717
67.29489135742188,-9.492048263549805,5.1541864078442625,-1.0615876758307312,1.0,0.7792458186964141
67.60607147216797,-9.90233325958252,5.146481511873412,-1.0203121410439202,1.0,0.7809908089240601
67.95427703857422,-10.281697273254395,5.178798879848752,-0.9596317492903559,1.0,0.779672513009961
68.34261322021484,-10.62610149383545,5.25730200587555,-0.8830924995614788,1.0,0.7708739656449175
68.75798034667969,-10.94599437713623,5.231574570301603,-0.8051897113544815,1.0,-0.4831493349216945
69.15705871582031,-11.280145645141602,5.119422897477118,-0.762361287336045,1.0,-0.7813339194649684
69.52769470214844,-11.630297660827637,5.031634284343841,-0.7523715037710481,1.0,-0.7793747556801337
69.86561584472656,-12.001588821411133,4.990345937986801,-0.7708940554686592,1.0,-0.7809332700921793
70.16877746582031,-12.39757251739502,4.990096634377136,-0.8129901101873234,1.0,-0.7797104999410679
70.43294525146484,-12.821443557739258,5.0309050948006515,-0.874479836596163,1.0,-0.7810584136422697
70.65338134765625,-13.275130271911621,5.118195175388791,-0.9519621116670374,1.0,-0.7796012369157017
70.84156036376953,-13.74713134765625,4.997787825620622,-1.0314372301816181,1.0,0.7814416711380857
71.0425796508789,-14.202033996582031,4.879510428675219,-1.0774348158972487,1.0,0.779277944058645
71.2664794921875,-14.633152961730957,4.788505594523283,-1.0902334354639507,1.0,0.7812479289952169
71.51922607421875,-15.038579940795898,4.748941165979046,-1.074120778236754,1.0,0.7794605135306254
71.80459594726562,-15.41782283782959,4.752148095092304,-1.0339089099893197,1.0,0.7811732092861787
72.1268539428711,-15.767903327941895,4.8029098487182615,-0.9736405092563913,1.0,0.7795255389171432
72.48956298828125,-16.085195541381836,4.908444645521746,-0.8966128357835927,1.0,0.7811453435346795
72.89483642578125,-16.36697769165039,5.062719987147362,-0.8066153014860005,1.0,0.7795491449020945
73.34071350097656,-16.61338996887207,5.2324395642559205,-0.7093239015948987,1.0,0.7811338050551446
73.8161849975586,-16.83945655822754,5.4237023889323215,-0.6175405846283528,1.0,0.10707198822558124
74.2938003540039,-17.089303970336914,5.31726866684979,-0.5629364612179142,1.0,-0.7789397928851794
74.75033569335938,-17.357601165771484,5.218887927466859,-0.5429317272156204,1.0,-0.7810938056830018
75.18022918701172,-17.6509952545166,5.161982217830983,-0.553521387816156,1.0,-0.7795904894385581
75.58167266845703,-17.974458694458008,5.144832917835279,-0.5893294528850355,1.0,-0.7808555743912569
75.95142364501953,-18.33234405517578,5.1671774391616125,-0.6455182903021264,1.0,-0.7797710069020567
76.28529357910156,-18.727807998657227,5.228814266224039,-0.718299020784575,1.0,-0.7807758496780668
76.5955581665039,-19.149099349975586,5.276940062910284,-0.7928869723827514,1.0,0.27362830952080663
76.92545318603516,-19.557329177856445,5.170603041893806,-0.8324346482543188,1.0,0.7790333523995923
77.27273559570312,-19.93769073486328,5.085370861308334,-0.8398909666743233,1.0,0.7810644488287358
77.64225769042969,-20.28550148010254,5.04617908512098,-0.8193361567488733,1.0,0.7796156985174868
78.03761291503906,-20.59857749938965,5.04672935483091,-0.7755628431756767,1.0,0.7808461039572698
78.46189880371094,-20.87270736694336,5.088791845443741,-0.7127521888661583,1.0,0.7797799916515493
78.9170150756836,-21.103199005126953,5.1740448431657,-0.6342922673591147,1.0,0.7810281184128498
79.40472412109375,-21.288442611694336,5.379668103218543,-0.5446131139698416,1.0,0.6749987758772618
79.9146728515625,-21.44778823852539,5.270697524167913,-0.46002166352705487,1.0,-0.7798132089249183
80.41040802001953,-21.619611740112305,5.152574474124802,-0.4101200168114234,1.0,-0.7807548327704548
80.88496398925781,-21.814559936523438,5.056680181348266,-0.39461242978389155,1.0,-0.7798415979318418
81.33636474609375,-22.03965950012207,5.008580923434557,-0.40888577480422583,1.0,-0.7807432707171825
81.76422119140625,-22.299169540405273,5.0015733181854625,-0.4475375632850902,1.0,-0.7798488126634384
82.16585540771484,-22.59774398803711,5.034937693497465,-0.5061313683245778,1.0,-0.7807399851192205
82.53755187988281,-22.939056396484375,5.112937498451389,-0.5811516841257287,1.0,-0.7798493357007678
82.8920669555664,-23.311386108398438,5.274412700687626,-0.6580853480120465,1.0,-0.014982325944049866
83.2706069946289,-23.67405128479004,5.171978802230644,-0.700080868399561,1.0,0.7788488786652668
83.66267395019531,-24.008270263671875,5.0846357261366055,-0.7100972835754575,1.0,0.7814036072120022
84.07215881347656,-24.307748794555664,5.041490150281132,-0.6916967046557732,1.0,0.7793162136404564
84.50252532958984,-24.569597244262695,5.038477650537318,-0.6495911957152387,1.0,0.7812332506858398
84.95637512207031,-24.78936004638672,5.077718787980429,-0.5880813624401693,1.0,0.7794740857025416
85.43511962890625,-24.96221160888672,5.160029207422675,-0.5106498205880605,1.0,0.7811678426503235
85.9389877319336,-25.08321762084961,5.2908063537149825,-0.4202393631634518,1.0,0.7795305186358141
86.4666976928711,-25.150054931640625,5.447885924383028,-0.320746194841127,1.0,0.781143214869251
87.0144271850586,-25.161863327026367,5.61275065568848,-0.21610580192195172,1.0,0.7795490391813716
87.576171875,-25.13593292236328,5.703703008643413,-0.1186495523593738,1.0,-0.15508576415918804
88.14347076416016,-25.12682342529297,5.592118677990596,-0.06114751020876419,1.0,-0.7788373519892305
88.70016479492188,-25.143035888671875,5.490271944644896,-0.04001239748178609,1.0,-0.7814065104194874
89.24542999267578,-25.193437576293945,5.4309860491911515,-0.050002181046783,1.0,-0.779312091073291
89.7802505493164,-25.283424377441406,5.407299567134828,-0.08511289738422434,1.0,-0.7812344547741389
90.30366516113281,-25.418848037719727,5.4188727039060485,-0.14028800253237694,1.0,-0.7794723482394631
90.8132553100586,-25.604694366455078,5.463426221969175,-0.21163821603528898,1.0,-0.7811679739294025
91.31315612792969,-25.841053009033203,5.745723865682927,-0.2927398601856357,1.0,-0.5054238672706756
91.81817626953125,-26.10747528076172,5.648156338393065,-0.36581087522690225,1.0,0.7795495517216353
92.32356262207031,-26.354673385620117,5.539654828753589,-0.40509116972502657,1.0,0.7808727186196893
92.83193969726562,-26.569557189941406,5.4507874694457,-0.41129460401020257,1.0,0.7797600996455281
93.34679412841797,-26.744892120361328,5.405796053856964,-0.38919236433336213,1.0,0.7807825333967161
93.87055206298828,-26.87693214416504,5.398993499173715,-0.34435844685604167,1.0,0.7798241918282481
94.40414428710938,-26.960599899291992,5.426397213290017,-0.2813508517839116,1.0,0.7807533259092326
94.94680786132812,-26.990734100341797,5.487943371015856,-0.20368654965253086,1.0,0.7798437849464429
95.49636840820312,-26.96255111694336,5.582001689221242,-0.11413562746974382,1.0,0.78099607659786
96.04936218261719,-26.87215805053711,5.708027522810954,-0.015053251745563934,1.0,0.7796686489486737
96.601318359375,-26.71685028076172,5.853953465425012,0.09134655854777218,1.0,0.7810802431750224
97.14750671386719,-26.515789031982422,5.748803748084801,0.1918428064946749,1.0,-0.7794398570690437
97.68829345703125,-26.327476501464844,5.635174596500666,0.2529883193326228,1.0,-0.7579217176422612
98.22586059570312,-26.166624069213867,5.529942308107523,0.27637753160624356,1.0,-0.78139318047311
98.76299285888672,-26.041345596313477,5.4696614826238825,0.26820162705969963,1.0,-0.7793260559197066
99.302490234375,-25.956153869628906,5.443654896638707,0.23473994006923604,1.0,-0.7809619278700698
99.84529876708984,-25.917139053344727,5.4514163393898825,0.18105287618016508,1.0,-0.7796935890710834
100.39073944091797,-25.929977416992188,5.491530071491916,0.11102399005209485,1.0,-0.7808042031280709
100.93431091308594,-25.979372024536133,5.375603761459369,0.03898002308521775,1.0,0.7793927524153265
101.46871185302734,-26.00876235961914,5.262566548417589,0.0003661846498861365,1.0,0.781191758617357
101.99295043945312,-26.005970001220703,5.177480812682031,-0.005775597456054271,1.0,0.779501360647794
102.50797271728516,-25.964481353759766,5.138645432775268,0.015868045881073378,1.0,0.7811556203181005
103.01461029052734,-25.88043212890625,5.1388054392381965,0.06029742918881098,1.0,0.7795403393163026
103.51171112060547,-25.748607635498047,5.176774536402546,0.12339503910578564,1.0,0.7811386968050983
103.9968032836914,-25.5644588470459,5.25623250783445,0.20181860846394883,1.0,0.7795537261707505
104.46651458740234,-25.324153900146484,5.3780654826949235,0.29278260392113165,1.0,0.7811306308418164
104.92132568359375,-25.027706146240234,5.612898986399519,0.39115391563426005,1.0,0.6598860729974235
105.37063598632812,-24.697343826293945,5.508657783030814,0.4803774687400484,1.0,-0.7795880136523262
105.82074737548828,-24.383926391601562,5.390416754694489,0.5333567309904037,1.0,-0.7807672971638976
106.27631378173828,-24.100013732910156,5.29131680552961,0.5508075600863389,1.0,-0.779834353218808
106.74220275878906,-23.852008819580078,5.237919701671341,0.5378686585092165,1.0,-0.7807488432233817
107.22190856933594,-23.64313316345215,5.22313291976145,0.5003878619596591,1.0,-0.7798473408650558
107.71769714355469,-23.478511810302734,5.244760252535346,0.443098206905983,1.0,-0.7807395571665658
108.2340087890625,-23.360137939453125,5.481310593577503,0.37081375649267123,1.0,-0.541528694587963
108.77149963378906,-23.265647888183594,5.433999570439229,0.3005774101156842,1.0,0.5927405941126402
109.30029296875,-23.15141487121582,5.326814587753831,0.26369928692081146,1.0,0.781339462058173
109.8114013671875,-23.008621215820312,5.241166726731669,0.25891371959999354,1.0,0.7793744052512531
110.30305480957031,-22.830245971679688,5.201331051022451,0.2820177073208674,1.0,0.7809424608504396
110.77498626708984,-22.612302780151367,5.2017910264094604,0.327824877018557,1.0,0.7797084499354128
111.22484588623047,-22.350341796875,5.239754101642322,0.39200439612837723,1.0,0.780804494375704
111.64901733398438,-22.0407772064209,5.31712988197166,0.4711436900294981,1.0,0.7798064450614042
112.04312896728516,-21.68100929260254,5.434516919775927,0.562474069873649,1.0,0.7807575251486862
112.40287017822266,-21.270130157470703,5.583780573064969,0.6632020794144164,1.0,0.7798311569024745
112.73967742919922,-20.824914932250977,5.622559331350657,0.7587837964647139,1.0,-0.30157139986221254
113.09051513671875,-20.38918113708496,5.50899777957814,0.8150879487570055,1.0,-0.7791142950552314
113.45436096191406,-19.978565216064453,5.4080447570920205,0.8353829673181181,1.0,-0.781310586833188
113.83740997314453,-19.598791122436523,5.3508768654022765,0.8248451717798106,1.0,-0.779404435725013
114.2442626953125,-19.252338409423828,5.329653148930571,0.7893287228502963,1.0,-0.781195345102471
114.67877960205078,-18.943668365478516,5.347313272014569,0.7337251150827502,1.0,-0.7734682411821444
115.1439437866211,-18.66559410095215,5.646991669223984,0.6668103963753644,1.0,-0.40362517980079177
115.63350677490234,-18.387807846069336,5.6293932002737455,0.6096723417667418,1.0,0.5305594076812009
116.11043548583984,-18.08826446533203,5.648134393690645,0.585545034397005,1.0,0.4775036410741391
116.56645965576172,-17.758363723754883,5.584694316088894,0.5932445660035608,1.0,0.7639574860385804
116.99241638183594,-17.397851943969727,5.575705371465433,0.6265614436097513,1.0,0.7259295664570677
117.3871841430664,-17.000106811523438,5.72242960690395,0.6812872069029812,1.0,0.5371847452219183
117.76744842529297,-16.570541381835938,5.833567063067032,0.7420405692704133,1.0,-0.15212657705787488
118.17533874511719,-16.144264221191406,6.1331313473753,0.7714144371456602,1.0,0.05414152553896895
118.60798645019531,-15.701218605041504,6.429819861888609,0.7859756033008045,1.0,0.05638144748939894
119.0564956665039,-15.232340812683105,6.7242224048126324,0.7977003031579333,1.0,0.06700556958247951
119.51667022705078,-14.734076499938965,7.017481365512056,0.8106796182045981,1.0,0.08114576876266798
119.99049377441406,-14.208414077758789,7.314134159491904,0.8234513398442909,1.0,0.032546652086175853
120.48977661132812,-13.667794227600098,7.575403095121579,0.8259090380562704,1.0,-0.10571050993978032
121.02639770507812,-13.12492847442627,7.865755466852724,0.8109354148273002,1.0,-0.10108677523551089
121.5840835571289,-12.56690502166748,8.032179082849842,0.7980646901740833,1.0,0.17085345765420787
122.12714385986328,-11.970993041992188,8.214553231898854,0.812540102542127,1.0,0.23719787521048122
122.66019439697266,-11.337701797485352,8.514038169104003,0.8417015833204404,1.0,0.06543238475464085
123.21480560302734,-10.689332008361816,8.65345393997943,0.8549299705080546,1.0,-0.2090775646874327
123.80679321289062,-10.050041198730469,8.934397717315022,0.8413256781325753,1.0,-0.1202101142462793
124.4244155883789,-9.402207374572754,9.063104331103181,0.8239396970091839,1.0,0.2106409186208018
125.02536010742188,-8.721339225769043,9.174887998593467,0.8345434723634977,1.0,0.3049176927094007
125.59549713134766,-8.001697540283203,9.233149947107954,0.8696805539957309,1.0,0.46001010958508814
126.14252471923828,-7.2533650398254395,9.41859835429853,0.909987430515053,1.0,-0.07811720571544568
126.71268463134766,-6.495914936065674,9.71391363499166,0.9228270627625434,1.0,0.03393482943123433
127.28382110595703,-5.705536842346191,9.945490435897055,0.9377657985812338,1.0,0.14870307820803513
127.8298110961914,-4.869471073150635,10.179509649329804,0.9714112436869131,1.0,0.19583741990110926
128.35794067382812,-3.995025873184204,10.40489075214739,1.0084112065016564,1.0,-0.04558307373737757
128.9170379638672,-3.114994764328003,10.55148093240815,1.0108089835891096,1.0,-0.20831335617751787
129.51589965820312,-2.2495343685150146,10.470306707047657,0.9852284557915443,1.0,-0.7788991663415304
130.15257263183594,-1.420379400253296,10.39804826893922,0.94286974681037,1.0,-0.7811071728827017
130.83091735839844,-0.6341660022735596,10.337478118730887,0.8894719022156821,1.0,-0.7795793560192279
131.5526123046875,0.10419115424156189,10.28343786631812,0.8293066989749933,1.0,-0.7808600772376038
132.31715393066406,0.790118932723999,10.233305554691778,0.7650819061266425,1.0,-0.7797686578499267
133.12261962890625,1.419425368309021,10.183130809760602,0.6983082683780042,1.0,-0.7807776379250211
133.96559143066406,1.9884964227676392,10.130542408603354,0.6295492440367116,1.0,-0.7798261793188223
134.84371948242188,2.4944067001342773,10.146815727712376,0.5585647491304941,1.0,-0.5926848340750169
135.76309204101562,2.9368138313293457,10.391131063275342,0.4840078899380451,1.0,-0.27072095042431304
136.7281494140625,3.3162615299224854,10.346124163781607,0.4076523317453553,1.0,-0.7786777458458752
137.71429443359375,3.6243655681610107,10.28051258143209,0.3336304350368753,1.0,-0.7814607634080876
138.7135467529297,3.8584706783294678,10.203098895670204,0.2598242543766922,1.0,-0.7792615135561598
139.71969604492188,4.01619291305542,10.123138505258748,0.18523217487882615,1.0,-0.7812560592798835
140.7313232421875,4.096174240112305,10.225537099552039,0.1092251578938015,1.0,-0.3854847254462289
141.7537384033203,4.118548393249512,10.259183639555605,0.04280938241664245,1.0,0.35914770518259953
142.77967834472656,4.148287773132324,10.289006471783848,0.022785873128663425,1.0,0.4309378866361777
143.81385803222656,4.20341157913208,10.577988729644934,0.03620447659713655,1.0,0.08681461063687332
144.86781311035156,4.267342567443848,10.55167507329957,0.0513738421662282,1.0,-0.6136026140520096
145.9212188720703,4.2991228103637695,10.494671822375077,0.04091387751077846,1.0,-0.6965520044980215
146.96868896484375,4.285313606262207,10.410943670072172,0.008758204718889218,1.0,-0.781476483114788
148.01193237304688,4.214371681213379,10.603164465943111,-0.03933915035821478,1.0,-0.2551942331670482
149.03909301757812,4.081470966339111,9.696780939734857,-0.09808675295065417,-0.641630692907029,-0.35109792374541876
149.99375915527344,3.921424627304077,9.509443415419952,-0.150958356913943,1.0,0.687394943679849
150.9326629638672,3.790886878967285,9.383216622461873,-0.15859430554947274,1.0,0.7814712669887581
151.86846923828125,3.6968727111816406,9.471427779602031,-0.13214685223805844,1.0,0.3871029617884701
152.81307983398438,3.63081693649292,9.486922608538606,-0.09666209492551658,1.0,-0.47233989582848607
153.7650909423828,3.546902656555176,9.782378804397077,-0.08739216380316783,1.0,-0.005058935824127376
154.73831176757812,3.470346212387085,9.752214034324764,-0.08047446971363303,0.7600056010085462,0.5310363299318303
155.7197265625,3.4245142936706543,10.04935913503682,-0.06016666797928849,1.0,0.05496053398927654
156.7298126220703,3.3848836421966553,10.34587520385603,-0.04579358757613061,1.0,0.018464998682872987
157.76148986816406,3.357879877090454,10.293442698256886,-0.03255061958154748,0.19074552714809817,0.3117346834340966
158.77191162109375,3.3781487941741943,9.534216643038256,-0.0008277104667966384,-0.4382088749531255,0.6554939562755918
159.7218475341797,3.456536293029785,9.415679185417327,0.046918639978634324,0.4838196578574454,0.5802366929214655
160.6549530029297,3.5816895961761475,9.413780890270907,0.09898556981855577,0.6250143997876942,-0.2736114096916053
161.59011840820312,3.6833155155181885,9.394404701613444,0.11089868832280736,0.8031837037118553,-0.4932098092913893
162.53041076660156,3.749762773513794,9.53952082513396,0.09265789906852717,1.0,-0.26513280032603315
163.48220825195312,3.7701234817504883,9.487930701847635,0.05354445161269705,1.0,-0.779005771724002
164.43185424804688,3.736102819442749,9.549558068673857,0.0013978932561826696,1.0,-0.48851172591626435
165.38021850585938,3.638479232788086,9.502575508356294,-0.061191319208695916,1.0,-0.7812993433274643
166.3219451904297,3.472691059112549,9.757119150081538,-0.13014055983084738,1.0,-0.28678164626469765
167.26918029785156,3.2517592906951904,9.67623494058039,-0.19374590140964632,1.0,0.7791905379084892
168.21133422851562,3.0400378704071045,9.574368891367177,-0.2174524293271496,1.0,0.7810084930522565
169.1494140625,2.859435796737671,9.476058569841221,-0.20777064034222192,1.0,0.7796569347100327
170.0857391357422,2.7246596813201904,9.404257570436078,-0.17426181540046315,1.0,0.7808265526808609
171.0213623046875,2.643035888671875,9.350454960180068,-0.12514060804227878,1.0,0.7797912747384643
