5.0,7.0,0.0,0.0,0.0,0
5.007097244262695,7.0,0.2957073450088504,0.0,1.0,1.94295102151885e-29
5.04054594039917,6.995925426483154,0.5401991940908374,-0.002335059643781001,1.0,-0.7853834101202865
5.097584247589111,6.979736328125,0.8043605023944357,-0.012336294801465364,1.0,-0.7853970220327896
5.178143501281738,6.9504780769348145,1.0682978110356285,-0.028887974134361727,1.0,-0.7853970738556465
5.282291412353516,6.908999443054199,1.3319759190477378,-0.05183323745426627,1.0,-0.7853964894907552
5.409765720367432,6.854976654052734,1.5942552767443046,-0.08076448795634228,1.0,-0.7853961269700459
5.554291248321533,6.799891948699951,1.4795619425912165,-0.10886616377885883,1.0,0.7853919476282055
5.700085163116455,6.781494140625,1.4979817777496587,-0.11364773635804148,1.0,0.7853933645973947
5.851958274841309,6.803268909454346,1.70264026799308,-0.09346829898823827,1.0,0.7853940910660806
6.021442890167236,6.847382545471191,1.9492454170037647,-0.05965174578252164,1.0,0.785397639444268
6.212674617767334,6.905873775482178,2.2025349476447214,-0.01791508465296321,1.0,0.7853959246970394
6.424707889556885,6.965240478515625,2.297978262374957,0.022767630475196476,1.0,-0.1223170991424754
6.6505279541015625,6.988267421722412,2.2341632652151997,0.0380894620166945,1.0,-0.78539633847879
6.873172283172607,6.970518589019775,2.2826693032936194,0.02694466548693164,1.0,-0.7853965376655904
7.0970611572265625,6.911230087280273,2.473418712369396,-0.0091342430648087,1.0,-0.7853964869234121
7.333284378051758,6.8235344886779785,2.7098219313879306,-0.05957744358810846,1.0,-0.7853978607717335
7.587892055511475,6.7279052734375,2.84277161603524,-0.11040440562448772,1.0,-0.012723501301269032
7.8616862297058105,6.664766311645508,2.7524147953898908,-0.1353921803424294,1.0,0.7853943099432662
8.134692192077637,6.640417575836182,2.7261238140050823,-0.13366725090438525,1.0,0.7853961255338598
8.407691955566406,6.658743381500244,2.8199720660919554,-0.10480271258761586,1.0,0.7853962858681827
8.68751335144043,6.715670585632324,3.013072810956057,-0.054488941693293214,1.0,0.7853956624823526
8.980846405029297,6.801691055297852,3.2371643686950153,0.00740944678481803,1.0,0.7853944430289646
9.284339904785156,6.899613857269287,3.0950791533508486,0.06902394229072861,1.0,-0.785397977328492
9.583634376525879,6.967116832733154,2.9747342872650564,0.10453999174607986,1.0,-0.7853980237658782
9.87791633605957,6.996157169342041,2.9164649812119015,0.1107355697060397,1.0,-0.7853970712582082
10.169441223144531,6.983784198760986,2.958416083838905,0.08892201669136401,1.0,-0.7853980263542129
10.463050842285156,6.930112361907959,3.1144374807404773,0.04281231189384105,1.0,-0.7853970372392405
10.766003608703613,6.8422675132751465,3.322341780212514,-0.01821136132423451,1.0,-0.7853980188410675
11.081424713134766,6.724803924560547,3.543352163215771,-0.08745474808878484,1.0,-0.7853978944099612
11.405181884765625,6.592757701873779,3.4034212676794824,-0.1547564241025592,1.0,0.7853958155787503
11.726709365844727,6.489765167236328,3.2787726033023357,-0.1944211459040357,1.0,0.7853966160991499
12.045987129211426,6.424344062805176,3.2065698930646067,-0.2037677760657779,1.0,0.7853980291396948
12.365386962890625,6.399775981903076,3.2188869038529204,-0.1847453490315596,1.0,0.78539719803555
12.688461303710938,6.417023181915283,3.334710875979492,-0.14066776930382208,1.0,0.7853980383434492
13.020750045776367,6.473025321960449,3.522357071475412,-0.07865686226965352,1.0,0.7853979977149285
13.365927696228027,6.561405181884766,3.7315384461676584,-0.007133676453940474,1.0,0.7853953427777437
13.719383239746094,6.665919780731201,3.594091454672741,0.06259613668371244,1.0,-0.7853903698414043
14.067719459533691,6.742720127105713,3.4687668014016957,0.10409271384100016,1.0,-0.7853980339605784
14.410194396972656,6.783023357391357,3.3909997433718186,0.11490141944119614,1.0,-0.7853972226044095
14.748779296875,6.783119201660156,3.390448830352735,0.09719286293076834,1.0,-0.7853972108112828
15.086400985717773,6.74138879776001,3.4817339481853753,0.05439133683934294,1.0,-0.7853980365642387
15.427555084228516,6.657467842102051,3.6549998637925967,-0.007951799540813376,1.0,-0.7853980204400567
15.776874542236328,6.53734827041626,3.856500059040402,-0.08090004285582708,1.0,-0.7853718747747801
16.131935119628906,6.39873743057251,3.720772879411135,-0.1522044499879902,1.0,0.7853892823218854
16.484167098999023,6.287492752075195,3.595117761561783,-0.19485151273619294,1.0,0.7853979561499975
16.83367919921875,6.212679862976074,3.514201992015664,-0.20655637204319977,1.0,0.7853979147265755
17.18275260925293,6.1779680252075195,3.506494600284478,-0.18964157069567023,1.0,0.7853978396119584
17.534217834472656,6.1848673820495605,3.5826360387191065,-0.1476650919099507,1.0,0.7853968237043647
17.891870498657227,6.235037803649902,3.7453497870692876,-0.08529119601920421,1.0,0.7853978940431126
18.259885787963867,6.322643756866455,3.941458367001946,-0.011441073201035046,1.0,0.7853978469158323
18.63854217529297,6.445587635040283,4.14473907275911,0.06887880001131919,1.0,0.7853973088988723
19.02271270751953,6.5890960693359375,4.0119693216321,0.14570460587348855,1.0,-0.785397323072935
19.403318405151367,6.707192420959473,3.88451648623173,0.19219327849413048,1.0,-0.785398042280855
19.780548095703125,6.790218830108643,3.795708463192204,0.20665943637738593,1.0,-0.7853980572521208
20.15673065185547,6.833853244781494,3.7731482585183893,0.1920302930354172,1.0,-0.7853973832111937
20.534433364868164,6.836244106292725,3.818505529560241,0.1522880732462193,1.0,-0.7853980552084576
20.916027069091797,6.793493270874023,3.9507737968017347,0.0910786445421099,1.0,-0.7853972593263165
21.305219650268555,6.707919120788574,4.132415951696813,0.015761519437470284,1.0,-0.785398009962379
21.703149795532227,6.583216667175293,4.327328067115111,-0.06699341511759727,1.0,-0.7853978033425052
22.107454299926758,6.418611526489258,4.522837015003758,-0.15458411758003088,1.0,-0.7853963551556455
22.51369857788086,6.21146821975708,4.71497127674947,-0.24597075670220914,1.0,-0.7853920994578756
22.916309356689453,5.959210395812988,4.902308548086532,-0.3406900756125122,1.0,-0.7853977512558771
23.308889389038086,5.659801483154297,5.084754505097768,-0.4385296872140074,1.0,-0.7853969783901485
23.690284729003906,5.329463005065918,4.964355898390059,-0.5300183254059352,1.0,0.7853976561062981
24.07377815246582,5.018293380737305,4.837682861757225,-0.586058292118091,1.0,0.7853980786031489
24.46982192993164,4.727354526519775,5.136315936249695,-0.609579330865671,1.0,-0.04151826791045134
24.88933563232422,4.435886859893799,5.075359278759237,-0.6151067217081305,1.0,0.785396454849496
25.323694229125977,4.175322532653809,5.03549441793074,-0.5960966783729811,1.0,0.7853977338247324
25.77534294128418,3.953798770904541,5.026633271507541,-0.554458820519864,1.0,0.7853961661322032
26.2464542388916,3.777796506881714,5.059376977662293,-0.49328840712572486,1.0,0.7853979309345321
26.737789154052734,3.6523139476776123,5.140118049492548,-0.4158625910699607,1.0,0.7853956123975678
27.249013900756836,3.5809974670410156,5.269554521383014,-0.3253255003355182,1.0,0.785394498296801
27.780752182006836,3.561858892440796,5.50608818418539,-0.2275852246426835,1.0,0.6662069469678897
28.327594757080078,3.5719902515411377,5.399088985529545,-0.1389252630025828,1.0,-0.7853966962273574
28.865047454833984,3.567324161529541,5.278499691386128,-0.08605099587820408,1.0,-0.785396863076328
29.389617919921875,3.535187244415283,5.177422872888562,-0.06847466531589941,1.0,-0.7853918802178033
29.90158462524414,3.467782497406006,5.123406115112889,-0.08122881009239791,1.0,-0.7853878417714808
30.403717041015625,3.359755754470825,5.1920128535591346,-0.11902559070529328,1.0,-0.6095965258077034
30.903289794921875,3.2032532691955566,5.409160581181168,-0.1777753238266051,1.0,-0.5059885828406112
31.410240173339844,3.0160131454467773,5.444656869962749,-0.23921218648780584,1.0,0.34976151620182694
31.926637649536133,2.851922035217285,5.343381261577225,-0.26848751740272014,1.0,0.7853925664380842
32.44320297241211,2.722996473312378,5.261515612083681,-0.26738603397586314,1.0,0.7853980133299059
32.961097717285156,2.636187791824341,5.22563954349326,-0.23956132690671517,1.0,0.7853975052096406
33.481788635253906,2.594865560531616,5.229942425073868,-0.18991094943993225,1.0,0.7853972390470365
34.005184173583984,2.6037404537200928,5.271762945069002,-0.12265294926803527,1.0,0.7853971179031293
34.529693603515625,2.667498826980591,5.351356054753863,-0.041098700890429996,1.0,0.7853971643044482
35.052528381347656,2.7903618812561035,5.469565283681644,0.05205601087945233,1.0,0.7853980249567108
35.57009506225586,2.975184440612793,5.616925407443626,0.15416893076608762,1.0,0.7853966596777501
36.08784866333008,3.202840805053711,5.832824001809449,0.2511290334175831,1.0,0.14416438280617705
36.62528991699219,3.420586109161377,5.726811429729749,0.30896756597192443,1.0,-0.7853979720134875
37.1624755859375,3.6124815940856934,5.624418704469388,0.33097952448781065,1.0,-0.7853980572135033
37.701114654541016,3.768833875656128,5.55887912737273,0.3218295687725714,1.0,-0.7853980683598606
38.24399185180664,3.8843019008636475,5.529324905906816,0.2874110080024419,1.0,-0.7853975775919162
38.792388916015625,3.953134298324585,5.533158072030909,0.23293378421794397,1.0,-0.7853975275282751
39.34581756591797,3.9698476791381836,5.568602584055864,0.16243258647054937,1.0,-0.7853980380461221
39.90216827392578,3.9294774532318115,5.634837246196606,0.07902264744537568,1.0,-0.7853970548638731
40.45802307128906,3.8281800746917725,5.729836244242333,-0.014771222986124322,1.0,-0.7853954351230615
41.019432067871094,3.6801373958587646,6.067065945229699,-0.1075078184648639,1.0,-0.3815984170905276
41.60143280029297,3.5221405029296875,5.969223869370334,-0.1743820571236796,1.0,0.7853836017440341
42.179901123046875,3.3839504718780518,5.864712055256392,-0.20607460620200424,1.0,0.7853979931368961
42.7548942565918,3.2783823013305664,5.783011846999737,-0.20512545558950013,1.0,0.7853974610035428
43.328346252441406,3.2133371829986572,5.738264207295991,-0.17714708412545477,1.0,0.7853975818779821
43.90135955810547,3.194427251815796,5.727706859044997,-0.12791349136926833,1.0,0.7853980308107344
44.473289489746094,3.226825475692749,5.747144042924294,-0.06202515494600025,1.0,0.7853979311325766
45.0417594909668,3.3152453899383545,5.793765096278234,0.017077387332077976,1.0,0.7853905216160022
45.60394287109375,3.4429585933685303,5.697640296084284,0.09548111614012011,1.0,-0.724598117415328
46.16167068481445,3.5517585277557373,5.622765073497231,0.13791752284609693,1.0,-0.6715335951546798
46.716426849365234,3.6284022331237793,5.532455658774949,0.14592857772116474,1.0,-0.7853966857152527
47.26715087890625,3.66633939743042,5.484506820877359,0.12577071195619105,1.0,-0.7853972490828461
47.81501388549805,3.661125421524048,5.470609077799447,0.0828432183452037,1.0,-0.7853947174092291
48.35945510864258,3.607093334197998,5.489515126222925,0.02157320272629626,1.0,-0.7853933098135728
48.89838790893555,3.499298334121704,5.540306924241745,-0.05452462805190095,1.0,-0.7853969730855166
49.434791564941406,3.354771137237549,5.634578921739556,-0.13083604434952179,1.0,0.1626424881239744
49.98136520385742,3.2306909561157227,5.5286997642075875,-0.17078905333899996,1.0,0.785397216185477
50.52434539794922,3.13804292678833,5.43994466619142,-0.17824963281674755,1.0,0.7853978279058349
51.063777923583984,3.062770128250122,5.4776007368878545,-0.16953257393670018,1.0,-0.44243290695095117
51.605560302734375,2.9482967853546143,5.749363005478241,-0.18287354625939756,1.0,-0.1847324525326362
52.16256332397461,2.816707134246826,5.698269413692519,-0.20071406240183798,1.0,0.7010175964058352
52.7247314453125,2.7179365158081055,5.74558432750734,-0.19333697302426422,1.0,0.49548030721155933
53.291297912597656,2.6432442665100098,5.6432194701662635,-0.17235445942774774,1.0,-0.7853562623370222
53.843711853027344,2.537163019180298,5.562355306305555,-0.17634933422092125,1.0,-0.7853952433816711
54.37895584106445,2.3905937671661377,5.5159123837698,-0.20468843085461863,1.0,-0.7853978501536499
54.89593505859375,2.199434995651245,5.511307141297686,-0.25368460279962335,1.0,-0.7853965320548393
55.39324188232422,1.9613418579101562,5.539297935741754,-0.31957759975480027,1.0,-0.7853865860706445
55.879295349121094,1.6915044784545898,5.651590181281101,-0.38755212341798284,1.0,0.13175869345865235
56.38222885131836,1.440237283706665,5.550873175379089,-0.4209970324935792,1.0,0.7853963650180277
56.890316009521484,1.2215644121170044,5.467099600805277,-0.42336711270569527,1.0,0.7853981000097342
57.405738830566406,1.04270601272583,5.424238822521285,-0.3987140973367769,1.0,0.7853974846875018
57.932918548583984,0.9075984358787537,5.516838917725604,-0.3514344658723818,1.0,0.5883958765581331
58.471046447753906,0.8024713397026062,5.408674011173723,-0.29616082376389663,1.0,-0.7853946035746292
58.99483108520508,0.6766167879104614,5.304745396724416,-0.27037516598336797,1.0,-0.7853978753712346
59.49955368041992,0.5195163488388062,5.227541600669851,-0.27438828343000843,1.0,-0.7853965608660421
59.983829498291016,0.3251054286956787,5.197241772298156,-0.30427773929229485,1.0,-0.7853965302657588
60.447200775146484,0.09008009731769562,5.205689572758019,-0.35541216327652414,1.0,-0.785396315457872
60.88692092895508,-0.18958987295627594,5.251695170239391,-0.4238649906714853,1.0,-0.7853960700816583
61.299129486083984,-0.5170684456825256,5.3362762968623185,-0.5064685245185823,1.0,-0.7853976989633282
61.67924118041992,-0.8945282697677612,5.460508026935667,-0.6005685253173869,1.0,-0.7853975223800547
62.02305603027344,-1.322221040725708,5.611243596091242,-0.7032481658839922,1.0,-0.785397010745912
62.327049255371094,-1.7973101139068604,5.769042438118322,-0.8109962014791812,1.0,-0.7853957982315501
62.586116790771484,-2.3164656162261963,5.940691688348251,-0.9217549406867045,1.0,-0.7639707853772533
62.814945220947266,-2.868877649307251,6.154284454927709,-1.023542289130078,1.0,-0.12891109786518423
63.06217956542969,-3.428802013397217,6.0482897000811136,-1.0839688816317583,1.0,0.7853952602206794
63.33026123046875,-3.9762022495269775,6.261245852108604,-1.1059607332814139,1.0,0.1413422071674804
63.63869857788086,-4.521904945373535,6.350459430203745,-1.094017254740736,1.0,0.42571970650672064
63.980445861816406,-5.065154552459717,6.6493258857871265,-1.0632473578220694,1.0,0.14709562887020225
64.33834075927734,-5.632560729980469,6.946931083320402,-1.0390307013977607,1.0,0.04855570905794232
64.70348358154297,-6.230260372161865,7.238438272372441,-1.0289849914498728,1.0,-0.02397237069624671
65.07982635498047,-6.845263481140137,7.172742755874762,-1.0239004842966937,1.0,0.785397378011675
65.48622131347656,-7.434391975402832,7.101324478967649,-0.9993029958365032,1.0,0.7853959042969655
65.92975616455078,-7.98840856552124,7.08707809073176,-0.9548199498328014,1.0,0.6894463253685172
66.41476440429688,-8.514863967895508,7.381290672330374,-0.8977297655447725,1.0,0.27155535842549927
66.92963409423828,-9.046141624450684,7.513488476073597,-0.8498400038746405,1.0,-0.16006624581519546
67.43592071533203,-9.604167938232422,7.641024069061877,-0.8364602825580825,1.0,-0.25232192066603637
67.92272186279297,-10.198988914489746,7.882560650106521,-0.8544648494236728,1.0,-0.20758180383347885
68.38801574707031,-10.838814735412598,8.067176563307735,-0.8946213239204326,1.0,-0.31391045480858865
68.8366928100586,-11.516709327697754,8.36826120399295,-0.9415084054401497,1.0,-0.10236495801922639
69.30451202392578,-12.213886260986328,8.556576429998236,-0.965622263846381,1.0,0.12141373335283696
69.80626678466797,-12.90427017211914,8.505054518773155,-0.9584666163134461,1.0,0.7005140834333586
70.33917236328125,-13.564901351928711,8.432787964181518,-0.9275020423190954,1.0,0.7853717328076407
70.90782165527344,-14.187150001525879,8.419939351282274,-0.8785800394104495,1.0,0.6763657479288029
71.51358032226562,-14.78277587890625,8.72810099358649,-0.823907472759994,1.0,0.16503658546334304
72.15797424316406,-15.372563362121582,8.818644361458428,-0.7759050593757522,1.0,0.43869695881975007
72.83504486083984,-15.940536499023438,8.923903661908202,-0.7294368930955049,1.0,-0.22148290436395998
73.52210235595703,-16.5175838470459,9.174595466600104,-0.7075353226068017,1.0,0.15486444479385866
74.24185943603516,-17.088565826416016,9.28579506573741,-0.6838286615312432,1.0,-0.2356211861745387
74.95613098144531,-17.691591262817383,9.57044693319556,-0.6896106505739148,1.0,-0.08793930724883794
75.6795425415039,-18.32720947265625,9.866160167707998,-0.7068732607598083,1.0,-0.060491437426949776
76.4223403930664,-18.980363845825195,10.035834396327472,-0.7168984643673024,1.0,0.15506255406796407
77.19864654541016,-19.61522674560547,10.039961422489927,-0.7004803425630728,1.0,0.5490161810389548
78.00919342041016,-20.21307945251465,10.187828547636395,-0.6622306914068101,1.0,0.2908552601560152
78.86619567871094,-20.775564193725586,10.478144617900773,-0.610943934608227,1.0,0.17364361519471638
79.76080322265625,-21.327180862426758,10.681381028322035,-0.5697039530219685,1.0,-0.060968200098276776
80.66064453125,-21.90604019165039,10.806042723997368,-0.5651921586612101,1.0,-0.23926417075405326
81.56070709228516,-22.506275177001953,10.891210567530887,-0.5776612120430169,1.0,0.2849486046587503
82.48094177246094,-23.099660873413086,11.168268230568954,-0.5750236172994017,1.0,-0.05389460388143272
83.41226196289062,-23.710494995117188,11.093210577347284,-0.5785199483365124,1.0,0.7562812157978421
84.36066436767578,-24.287673950195312,11.125132814797881,-0.5596887362685621,1.0,0.4639177315121199
85.33477783203125,-24.820579528808594,11.04617321316072,-0.5211693068938743,1.0,0.7853980116428539
86.3293228149414,-25.297544479370117,10.974226487864499,-0.47137325451546275,1.0,0.7853974720141786
87.3436508178711,-25.712596893310547,10.910934245422816,-0.4146665654244064,1.0,0.7853973939567467
88.37577056884766,-26.062238693237305,10.85211423745939,-0.35392944833962314,1.0,0.7853973261370265
89.42243957519531,-26.343759536743164,10.793269517864445,-0.29080427470536563,1.0,0.7853969417294492
90.47938537597656,-26.555234909057617,10.730399708411275,-0.22587654048728822,1.0,0.7853964403536945
91.54173278808594,-26.6951961517334,10.663772644865336,-0.1593386590741499,1.0,0.785395438420113
92.60668182373047,-26.761940002441406,10.68960319108897,-0.09080513789815914,1.0,0.5377790678973032
93.6789321899414,-26.77499008178711,10.856175266409506,-0.03129267544064973,1.0,-0.08154653646123887
94.76949310302734,-26.79905891418457,11.125434314264952,-0.016640229439142118,1.0,-0.06780772383992731
95.88426208496094,-26.827674865722656,11.298197625998002,-0.019447467544194907,1.0,0.14588541549784867
97.01349639892578,-26.815122604370117,11.3124361849995,0.0005301022149808432,1.0,0.5162338573104249
98.14496612548828,-26.74921417236328,11.414151413593638,0.0392838897655956,1.0,0.33783324220652544
99.28311920166016,-26.617931365966797,11.622475881814402,0.09228252651288038,1.0,0.22738936146835734
100.43310546875,-26.435699462890625,11.754159087894257,0.14174381954226867,1.0,-0.16287381073086118
101.60032653808594,-26.265974044799805,11.972099718699873,0.15021693286646443,1.0,-0.1146216422441566
102.78744506835938,-26.109291076660156,12.031474030549314,0.13928532238196212,1.0,0.34324285586554687
103.97249603271484,-25.91575050354004,11.942140015990098,0.15362751011647457,1.0,0.7783818191468365
105.14044952392578,-25.676328659057617,11.851802829795146,0.186915425845811,1.0,0.7853932403214953
106.28672790527344,-25.38203239440918,11.774799119662488,0.23258397800876196,1.0,0.7853948374736428
107.40833282470703,-25.028697967529297,11.706188943182282,0.2854097756013019,1.0,0.7853935231777197
108.5015640258789,-24.614294052124023,11.640304202545869,0.34211539942792246,1.0,0.7853882233802986
109.56221008300781,-24.138351440429688,11.57244994064141,0.40105088803526723,1.0,0.7853807679296632
110.5857925415039,-23.6019229888916,11.499842335817235,0.46177322457600045,1.0,0.7853280950541965
111.56859588623047,-23.005821228027344,11.472751396657266,0.5244680979571275,1.0,0.6490776890156712
112.50772094726562,-22.350149154663086,11.39470782262828,0.5892179330143881,1.0,0.7853870485134877
113.39669036865234,-21.640247344970703,11.312409844551315,0.6544182417700348,1.0,0.7851849363266341
114.23270416259766,-20.876859664916992,11.344727526392859,0.7207848819250824,1.0,0.4825382064653485
115.03316497802734,-20.070146560668945,11.44850899794019,0.7777156094428417,1.0,-0.19320302912861512
115.84402465820312,-19.265823364257812,11.351421471676922,0.7899355906836982,1.0,-0.7853941429678057
116.6698989868164,-18.490070343017578,11.254630114586073,0.7707264760570656,1.0,-0.7853745868758614
117.524169921875,-17.7564697265625,11.273705586744995,0.7314947176698086,1.0,-0.5238272219835719
118.41275787353516,-17.05126190185547,11.57398885791938,0.6884843331698924,1.0,-0.06427385743896448
119.32257843017578,-16.335329055786133,11.64181453886078,0.6684838602253427,1.0,0.3407043191942512
120.2190170288086,-15.592792510986328,11.650253398093373,0.6799529631968504,1.0,0.5137314608605104
121.08445739746094,-14.814457893371582,11.613539541837298,0.714263133310614,1.0,0.6502511319455001
121.90680694580078,-13.994755744934082,11.606764051021344,0.7627764741499883,1.0,0.5979379599616954
122.68014526367188,-13.12869930267334,11.632158867468265,0.8198944218923812,1.0,0.5390268524001777
123.4004898071289,-12.21358871459961,11.701699892782532,0.8820787007135129,1.0,0.43532917304718155
124.06502532958984,-11.24730396270752,11.826094802093474,0.9481062538827656,1.0,0.31799367642138476
124.67444610595703,-10.227182388305664,12.086311604315961,1.0158919927141756,1.0,0.1905736361809369
125.24653625488281,-9.162586212158203,12.135630702542262,1.0707535106439714,1.0,-0.3523498709948998
125.82552337646484,-8.098885536193848,12.035540764185294,1.0810529532647166,1.0,-0.7853975696709182
126.42806243896484,-7.059564113616943,11.931883313472445,1.06009054653443,1.0,-0.7853968862129871
127.06976318359375,-6.055864334106445,11.847789857807598,1.0204117432686894,1.0,-0.7853964275736249
127.75690460205078,-5.09260368347168,11.778051097996636,0.9705927211258771,1.0,-0.7853935574765901
128.4962615966797,-4.170444011688232,11.94959807102787,0.9144542840324155,1.0,-0.2557135423987299
129.28443908691406,-3.270455837249756,12.042627708159536,0.864435990861038,1.0,0.25217859757204236
130.08192443847656,-2.371314764022827,11.960225882749908,0.8445690088661282,1.0,-0.7524005376771964
130.91259765625,-1.5135462284088135,11.86951849819233,0.8125314472685847,1.0,-0.7853913124600675
131.77822875976562,-0.7041593790054321,11.785750662018138,0.7686314338065277,1.0,-0.7853905608815155
132.68035888671875,0.05180448293685913,11.715216511482708,0.7170231003063181,1.0,-0.785397473530975
133.6183319091797,0.7512249946594238,11.649350947650596,0.6610250118023036,1.0,-0.7853975212996996
134.59042358398438,1.3905272483825684,11.583672640738977,0.602537133995174,1.0,-0.7853980760841666
135.59361267089844,1.9665558338165283,11.513497208985738,0.5422932343442737,1.0,-0.7853976922938726
136.60345458984375,2.470482110977173,10.638928705888079,0.480629736674306,-1.0,-0.7853973730612701
137.57940673828125,2.8889496326446533,10.443037921631502,0.4118040667267344,1.0,-0.7853973315973077
138.54946899414062,3.218672513961792,9.635840425353333,0.3371531313687779,-0.7213206739483468,-0.7853980886650198
139.4650115966797,3.4593124389648438,8.822488510262454,0.26068392277657004,-1.0,-0.785398092226692
140.3300323486328,3.6197893619537354,8.621073278313968,0.1769014075148947,1.0,-0.7853951233486198
141.1825408935547,3.7192301750183105,8.450933263216472,0.10153488077203399,1.0,0.7853970149883029
142.01950073242188,3.8167078495025635,8.343042502610361,0.07426983700596601,1.0,0.7853979690435144
142.84523010253906,3.9250636100769043,8.273815076760773,0.09067331142420088,1.0,0.7853922591675773
143.6673126220703,4.067340850830078,8.555550344873586,0.12959101653990945,1.0,0.19862390794894536
144.50360107421875,4.232132434844971,8.472051682030438,0.16651534557969505,1.0,-0.7853979962605981
145.3369598388672,4.373782157897949,8.37845186657506,0.17300387125956362,1.0,-0.7853977859172947
146.16650390625,4.4769721031188965,8.29283564493616,0.15214386307319128,1.0,-0.7853980631891055
146.9925994873047,4.530858993530273,8.233004912918373,0.11048509940551732,1.0,-0.7853977731209721
147.81488037109375,4.529886245727539,8.193343391710167,0.05426576879394496,1.0,-0.7853980203772891
148.6312255859375,4.469605445861816,8.165239719558071,-0.011875434774826665,1.0,-0.7853975341201017
149.437744140625,4.346477031707764,8.144648864299564,-0.08490783398028778,1.0,-0.7853974878988866
150.22959899902344,4.158264636993408,8.129756419630379,-0.16289331333913282,1.0,-0.785390819737348
151.01275634765625,3.9236879348754883,8.34342513645465,-0.23295828529997298,1.0,-0.009136968104787247
151.81637573242188,3.6994175910949707,8.389294130757674,-0.26102787003135397,1.0,0.3951737822744918
152.62989807128906,3.504687786102295,8.302763543264467,-0.25445691951574645,1.0,0.7853971899005722
153.4445343017578,3.3523292541503906,8.236249650684703,-0.22355040243315916,1.0,0.7853963548172324
154.2606201171875,3.250227928161621,8.187908463439458,-0.1749342635757074,1.0,0.785396524962683
155.07723999023438,3.204899311065674,8.152431305055995,-0.11391205509623159,1.0,0.7853967376656726
155.8915557861328,3.221433639526367,8.126541407511667,-0.04422698306489092,1.0,0.7853951903047748
156.7061004638672,3.281733989715576,8.31542679302577,0.019902601774488993,1.0,-0.03434145010452776
157.53341674804688,3.3258538246154785,8.221657711221916,0.04434522741729108,1.0,-0.785334566715376
158.35350036621094,3.33992075920105,8.131633501881703,0.03719210988739263,1.0,-0.7853899708458693
159.1653594970703,3.311328172683716,8.096726215562887,0.005405684380642484,1.0,-0.7037506730358848
159.97845458984375,3.2365942001342773,8.380755163597167,-0.04233400816206334,1.0,-0.22573163536250354
160.81552124023438,3.126715898513794,8.68193672171095,-0.09062763821150543,1.0,-0.16614271983636203
161.67124938964844,2.999185562133789,8.6039159532191,-0.12570107029368582,1.0,0.7853971416892954
162.5232696533203,2.894205331802368,8.508785556278673,-0.12981911628727527,1.0,0.7853953695610763
163.3696746826172,2.82871413230896,8.421478089770494,-0.1066432232169694,1.0,0.7853976355063478
164.21022033691406,2.8137519359588623,8.360840343115116,-0.06303622405384868,1.0,0.7853949766313408
165.04429626464844,2.8546388149261475,8.321372609853965,-0.005530453477712527,1.0,0.785395086314137
165.8754425048828,2.9341864585876465,8.44749575093739,0.04964478482849444,1.0,-0.16016878745109087
166.71530151367188,2.994295597076416,8.354192557700072,0.06758144108628628,1.0,-0.7853822931724241
167.55075073242188,3.0207231044769287,8.368879572396823,0.05496138647067372,1.0,-0.522936008341961
168.38661193847656,2.9999420642852783,8.352120922897875,0.017720008103115248,1.0,-0.6721141919130705
169.2238311767578,2.924747943878174,8.594994000096634,-0.036911545866552764,1.0,-0.29753463456450896
170.07217407226562,2.807223320007324,8.514628818212856,-0.09289358882499954,1.0,0.7683672410758444
170.9169464111328,2.705744981765747,8.476335484026595,-0.11337889024599779,1.0,0.605943518754226
