Write in 2025.12.30 21: 20: 27

Experiment Args: 
---------------------------MetaDriveEnvConfig----------------------------
|                map                |                 O                 |
-------------------------------------------------------------------------
|          traffic_density          |                0.2                |
-------------------------------------------------------------------------
|           traffic_mode            |              respawn              |
-------------------------------------------------------------------------
|              horizon              |               1000                |
--------------------------------PPOConfig--------------------------------
|             n_process             |                 4                 |
-------------------------------------------------------------------------
|           sample_steps            |               4096                |
-------------------------------------------------------------------------
|               epoch               |                20                 |
-------------------------------------------------------------------------
|            batch_size             |                64                 |
-------------------------------------------------------------------------
|          evaluate_steps           |               20000               |
-------------------------------------------------------------------------
|           learning_rate           |              0.0003               |
--------------------------------MPConfig---------------------------------
|                np                 |                 3                 |
-------------------------------------------------------------------------
|                mu                 |                 3                 |
-------------------------------------------------------------------------
|               a_min               |                -1                 |
-------------------------------------------------------------------------
|               a_max               |                 1                 |
-------------------------------------------------------------------------
|             delta_min             |              -0.5236              |
-------------------------------------------------------------------------
|             delta_max             |              0.5236               |
-------------------------------OptimConfig-------------------------------
|               ipopt               |                                   |
|            print_level            |                 0                 |
|                sb                 |                yes                |
|       warm_start_init_point       |                yes                |
|       warm_start_bound_push       |                0.0                |
|    warm_start_mult_bound_push     |                0.0                |
|              mu_init              |               0.01                |
|                tol                |              0.0001               |
|          acceptable_tol           |               0.001               |
|             max_iter              |                50                 |
|          acceptable_iter          |                 5                 |
|           linear_solver           |               mumps               |
-------------------------------------------------------------------------
|            print_time             |                 0                 |
----------------------------AdditionalParams-----------------------------
|        final_evaluate_path        |   demo_2025_12_30_21_20_26.gif    |
-------------------------------------------------------------------------

Rewards: 
-------------------------------------------------------------------------
|                idx                |               value               |
-------------------------------------------------------------------------
|                 0                 |              34.4508              |
|                 1                 |              34.153               |
|                 2                 |              16.2982              |
|                 3                 |              33.6002              |
|                 4                 |              33.1349              |
|                 5                 |              34.3261              |
|                 6                 |              8.2738               |
|                 7                 |              28.308               |
|                 8                 |              33.4715              |
|                 9                 |              31.3299              |
|                10                 |              36.0615              |
|                11                 |              37.4364              |
|                12                 |              25.967               |
|                13                 |              36.8054              |
|                14                 |              42.9354              |
|                15                 |              38.8305              |
|                16                 |              40.0758              |
|                17                 |              41.0447              |
|                18                 |              41.4664              |
|                19                 |              39.9423              |
|                20                 |              49.4762              |
|                21                 |              50.0158              |
|                22                 |              48.034               |
|                23                 |              50.5746              |
|                24                 |              49.941               |
|                25                 |              60.5965              |
|                26                 |              51.0516              |
|                27                 |              56.6406              |
|                28                 |              53.0069              |
|                29                 |              51.7865              |
|                30                 |              54.1538              |
|                31                 |             110.2832              |
|                32                 |              47.606               |
|                33                 |             110.2458              |
|                34                 |             112.9255              |
|                35                 |             108.1269              |
|                36                 |             108.7837              |
|                37                 |             110.0487              |
|                38                 |             110.1315              |
|                39                 |              99.5415              |
|                40                 |             107.7012              |
|                41                 |              53.1736              |
|                42                 |              67.3096              |
|                43                 |              67.9444              |
|                44                 |             107.1874              |
|                45                 |              99.5733              |
|                46                 |             150.4228              |
|                47                 |              76.9102              |
|                48                 |              58.1879              |
|                49                 |              101.257              |
|                50                 |              89.5434              |
|                51                 |              93.0942              |
|                52                 |              83.9053              |
|                53                 |              67.0388              |
|                54                 |              56.9949              |
|                55                 |             107.4835              |
|                56                 |              94.3258              |
|                57                 |              63.4794              |
|                58                 |              97.4298              |
|                59                 |              59.0384              |
|                60                 |              58.1532              |
|                61                 |             103.9031              |
|                62                 |              61.6156              |
|                63                 |              62.4272              |
|                64                 |             124.8088              |
|                65                 |              89.8108              |
|                66                 |               60.46               |
|                67                 |             158.3004              |
|                68                 |             116.3873              |
|                69                 |              111.149              |
|                70                 |             108.7397              |
|                71                 |             114.9788              |
|                72                 |              111.163              |
|                73                 |              93.599               |
|                74                 |              91.6958              |
|                75                 |             150.5184              |
|                76                 |             167.0384              |
|                77                 |             160.0238              |
|                78                 |             166.4679              |
|                79                 |              127.098              |
|                80                 |              64.1228              |
|                81                 |              54.0995              |
|                82                 |              60.6554              |
|                83                 |             105.6915              |
|                84                 |             102.5919              |
|                85                 |             108.8245              |
|                86                 |             142.9525              |
|                87                 |             107.2971              |
|                88                 |             100.4721              |
|                89                 |              87.387               |
|                90                 |             107.3789              |
|                91                 |              106.23               |
|                92                 |             107.5863              |
|                93                 |              75.9866              |
|                94                 |              115.264              |
|                95                 |             109.8423              |
|                96                 |             100.8728              |
|                97                 |             110.8735              |
|                98                 |             105.2803              |
|                99                 |             103.2274              |
-------------------------------------------------------------------------
|            best reward            |             167.0384              |
-------------------------------------------------------------------------

Sample & Train's time recorded: 
 676.0000min  13.8177s
